0.80622 0.023570
0.81640 0.029393
0.82283 0.043383
0.82658 0.056688
0.82979 0.069672
0.83300 0.081376
0.83622 0.092898
0.83943 0.10588
0.84318 0.12088
0.84640 0.13743
0.84961 0.15489
0.85229 0.17080
0.85443 0.18434
0.85871 0.21195
0.86113 0.22512
0.86407 0.24030
0.86782 0.25475
0.87093 0.26879
0.87264 0.28218
0.87544 0.30051
0.87800 0.32236
0.88014 0.33690
0.88282 0.35240
0.88585 0.37160
0.88764 0.38148
0.88917 0.39956
0.89407 0.42084
0.89621 0.43456
0.89835 0.44773
0.90049 0.46103
0.90317 0.47639
0.90628 0.49329
0.90826 0.50629
0.91121 0.52138
0.91442 0.53583
0.91764 0.54918
0.92138 0.56253
0.92567 0.57638
0.93370 0.59036
0.94549 0.59255
0.95567 0.58297
0.96424 0.57357
0.97263 0.56577
0.97684 0.55714
0.98138 0.54100
0.98513 0.52614
0.98834 0.51224
0.99155 0.49661
0.99584 0.48097
0.99905 0.46725
1.0023 0.45088
1.0051 0.43590
1.0081 0.42032
1.0127 0.39946
1.0168 0.38679
1.0211 0.38895
1.0260 0.40172
1.0280 0.41952
1.0312 0.43360
1.0344 0.44732
1.0376 0.45957
1.0408 0.47328
1.0440 0.48609
1.0462 0.49764
1.0494 0.51023
1.0532 0.52371
1.0574 0.53729
1.0617 0.55032
1.0660 0.56226
1.0703 0.57405
1.0751 0.58645
1.0815 0.59976
1.0912 0.61151
1.1030 0.62019
1.1131 0.61595
1.1233 0.60567
1.1351 0.60138
1.1458 0.59088
1.1533 0.57756
1.1581 0.56500
1.1624 0.55128
1.1667 0.53688
1.1710 0.52220
1.1753 0.50722
1.1790 0.49432
1.1822 0.48042
1.1848 0.46564
1.1885 0.44863
1.1919 0.43598
1.1951 0.42372
1.1979 0.40620
1.2021 0.39542
1.2084 0.39973
1.2112 0.41897
1.2149 0.43250
1.2187 0.44549
1.2224 0.45843
1.2267 0.47200
1.2310 0.48503
1.2353 0.49752
1.2396 0.50955
1.2444 0.52259
1.2497 0.53652
1.2551 0.54947
1.2604 0.56253
1.2663 0.57570
1.2728 0.58813
1.2797 0.60070
1.2872 0.61222
1.2958 0.62361
1.3054 0.63538
1.3162 0.64702
1.3279 0.65859
1.3397 0.67076
1.3515 0.67470
1.3622 0.66647
1.3713 0.65408
1.3788 0.64226
1.3869 0.62727
1.3933 0.61520
1.3992 0.60267
1.4051 0.58897
1.4099 0.57721
1.4142 0.56568
1.4185 0.55389
1.4227 0.54209
1.4270 0.52934
1.4313 0.51617
1.4356 0.50163
1.4399 0.48737
1.4442 0.47310
1.4485 0.45980
1.4527 0.44718
1.4570 0.43538
1.4613 0.42331
1.4656 0.41126
1.4717 0.39688
1.4758 0.38679
1.4800 0.40189
1.4876 0.41758
1.4929 0.42954
1.4983 0.44161
1.5036 0.45390
1.5090 0.46564
1.5143 0.47716
1.5197 0.48890
1.5251 0.50086
1.5304 0.51315
1.5358 0.52599
1.5411 0.53861
1.5465 0.55101
1.5524 0.56363
1.5583 0.57603
1.5642 0.58868
1.5706 0.60066
1.5775 0.61238
1.5845 0.62379
1.5936 0.63600
1.6054 0.64832
1.6172 0.65789
1.6284 0.66853
1.6386 0.68134
1.6493 0.69283
1.6611 0.70089
1.6729 0.70402
1.6847 0.70483
1.6965 0.70389
1.7082 0.70051
1.7208 0.69445
1.7313 0.68268
1.7415 0.67098
1.7506 0.65875
1.7581 0.64656
1.7645 0.63504
1.7709 0.62334
1.7773 0.61200
1.7843 0.59992
1.7918 0.58706
1.7988 0.57405
1.8047 0.56055
1.8100 0.54684
1.8154 0.53334
1.8207 0.52072
1.8282 0.50785
1.8389 0.49794
1.8486 0.48721
1.8550 0.47453
1.8598 0.46254
1.8641 0.45047
1.8689 0.43777
1.8743 0.42493
1.8820 0.41159
1.8884 0.41051
1.8952 0.41714
1.9043 0.42921
1.9118 0.44175
1.9187 0.45381
1.9262 0.46597
1.9348 0.47818
1.9434 0.48990
1.9514 0.50218
1.9589 0.51543
1.9659 0.52797
1.9734 0.54004
1.9836 0.55206
1.9953 0.56323
2.0055 0.57549
2.0141 0.58756
2.0227 0.59977
2.0318 0.61246
2.0414 0.62550
2.0521 0.63550
2.0639 0.63929
2.0746 0.64568
2.0827 0.65808
2.0885 0.67083
2.0950 0.68346
2.1030 0.69829
2.1128 0.70702
2.1207 0.72188
2.1309 0.73431
2.1416 0.74643
2.1512 0.75832
2.1598 0.77046
2.1700 0.78348
2.1822 0.79116
2.1937 0.78787
2.2053 0.78034
2.2171 0.76842
2.2289 0.76208
2.2407 0.76318
2.2525 0.76827
2.2642 0.77809
2.2760 0.78368
2.2878 0.77989
2.2985 0.77065
2.3066 0.75867
2.3130 0.74614
2.3205 0.73336
2.3307 0.72587
2.3424 0.72642
2.3526 0.72047
2.3574 0.71340
2.3663 0.69730
2.3778 0.68094
2.3896 0.67256
2.4014 0.67430
2.4105 0.68698
2.4196 0.70076
2.4314 0.70256
2.4490 0.67994
2.4549 0.66699
2.4597 0.65388
2.4640 0.64030
2.4683 0.62672
2.4726 0.61369
2.4769 0.60066
2.4812 0.58790
2.4855 0.57446
2.4897 0.56047
2.4946 0.54607