0.86514 0.00017820
0.87693 0.00017820
0.88871 0.00072684
0.90049 0.0017244
0.91228 0.0038690
0.92406 0.010303
0.93424 0.020409
0.94120 0.032109
0.94656 0.045166
0.95138 0.058059
0.95513 0.069855
0.95915 0.083022
0.96156 0.094361
0.96477 0.10808
0.96799 0.12170
0.97120 0.13825
0.97495 0.15434
0.97806 0.16883
0.98041 0.18243
0.98298 0.19769
0.98566 0.21085
0.98673 0.22896
0.98888 0.24075
0.99155 0.25337
0.99412 0.26682
0.99648 0.28108
0.99905 0.29534
1.0028 0.30837
1.0119 0.32450
1.0210 0.33436
1.0333 0.33864
1.0451 0.34038
1.0569 0.34407
1.0687 0.35056
1.0805 0.35749
1.0923 0.36303
1.1040 0.36712
1.1158 0.36996
1.1276 0.37131
1.1394 0.37140
1.1512 0.36991
1.1630 0.36756
1.1747 0.36537
1.1865 0.36303
1.1989 0.36002
1.2105 0.35720
1.2219 0.35445
1.2337 0.35155
1.2454 0.34921
1.2572 0.34722
1.2690 0.34497
1.2808 0.34298
1.2926 0.34173
1.3044 0.34143
1.3162 0.34213
1.3279 0.34258
1.3397 0.34342
1.3515 0.34502
1.3633 0.34712
1.3751 0.34871
1.3869 0.35046
1.3986 0.35245
1.4104 0.35485
1.4222 0.35724
1.4340 0.35933
1.4458 0.36118
1.4570 0.36354
1.4715 0.36642
1.4841 0.36715
1.4951 0.36512
1.5068 0.36457
1.5186 0.36542
1.5304 0.36652
1.5422 0.36781
1.5540 0.36921
1.5658 0.36996
1.5775 0.36996
1.5893 0.36996
1.6011 0.36996
1.6129 0.36986
1.6247 0.36916
1.6365 0.36866
1.6483 0.36766
1.6600 0.36652
1.6718 0.36572
1.6836 0.36552
1.6954 0.36487
1.7072 0.36447
1.7190 0.36447
1.7307 0.36447
1.7425 0.36447
1.7543 0.36482
1.7661 0.36542
1.7779 0.36607
1.7897 0.36692
1.8014 0.36776
1.8132 0.36911
1.8250 0.37006
1.8368 0.37116
1.8486 0.37270
1.8604 0.37450
1.8721 0.37644
1.8839 0.37844
1.8954 0.38069
1.9075 0.38313
1.9193 0.38602
1.9311 0.38861
1.9429 0.39116
1.9546 0.39365
1.9664 0.39644
1.9782 0.39944
1.9900 0.40228
2.0018 0.40522
2.0136 0.40796
2.0253 0.41076
2.0371 0.41330
2.0489 0.41559
2.0607 0.41764
2.0725 0.41949
2.0843 0.42128
2.0960 0.42318
2.1078 0.42492
2.1196 0.42647
2.1314 0.42752
2.1432 0.42811
2.1550 0.42811
2.1668 0.42811
2.1785 0.42732
2.1903 0.42702
2.2021 0.42657
2.2139 0.42572
2.2257 0.42467
2.2375 0.42318
2.2492 0.42148
2.2610 0.41934
2.2728 0.41669
2.2846 0.41400
2.2964 0.41121
2.3082 0.40786
2.3199 0.40412
2.3317 0.40048
2.3435 0.39639
2.3553 0.39150
2.3671 0.38677
2.3789 0.38183
2.3906 0.37659
2.4024 0.37106
2.4142 0.36507
2.4260 0.35924
2.4378 0.35315
2.4496 0.34682
2.4581 0.34242