0.79857  48.393
0.81513  49.282
0.82175  49.535
0.83829  50.041
0.85811  50.419
0.87791  50.286
0.90430  50.152
0.93735  50.909
0.96706  51.029
1.0001  52.041
1.0167  53.057
1.0366  54.327
1.0531  55.216
1.0763  56.103
1.0896  56.737
1.1094  57.242
1.1391  57.617
1.1688  57.737
1.2084  57.727
1.2447  57.718
1.2711  57.839
1.2876  57.835
1.3140  57.700
1.3272  57.187
1.3470  56.672
1.3535  55.905
1.3634  55.519
1.3766  55.006
1.3964  55.766
1.4064  56.401
1.4196  57.163
1.4394  56.648
1.4559  56.261
1.4691  56.130
1.4889  56.125
1.4988  57.015
1.5055  57.652
1.5154  58.414
1.5219  57.520
1.5351  57.516
1.5483  57.003
1.5582  57.000
1.5681  56.743
1.5912  56.609
1.5946  57.756
1.6177  57.623
1.6375  58.128
1.6771  58.118
1.7068  58.493
1.7366  58.996
1.7531  59.374
1.7762  60.006
1.7961  60.383
1.8225  61.014
1.8390  61.265
1.8721  61.640
1.9051  62.141
1.9348  62.899
1.9646  63.529
1.9910  63.012
2.0074  62.498
2.0272  62.365
2.0470  62.105
2.0701  61.717
2.0932  61.583
2.1295  61.829
2.1526  62.206
2.1724  62.583
2.1955  62.195
2.2153  61.807
2.2417  61.545
2.2615  61.923
2.2846  61.662
2.3044  61.402
2.3308  61.012
2.3671  61.258
2.3869  61.508
2.4100  60.992
2.4232  62.009
2.4332  62.389
2.4464  63.534
2.4596  63.020
2.4794  62.505
2.4925  62.119
2.5057  61.478
2.5156  60.838
2.5221  59.816
2.5253  59.049
2.5319  57.900
2.5351  57.134
2.5384  56.112
2.5416  55.346
2.5449  54.580
2.5480  52.794
2.5511  49.732
2.5543  47.945
2.5607  44.245
2.5672  42.840
2.5701  37.099
2.5765  34.164
2.5797  32.250
2.5862  31.228
2.5894  29.952
2.5927  28.675
2.5959  27.399
2.5990  25.485