352.7722580332477 48.815489749430526
354.92415063248194 50.637813211845106
359.21339601609077 53.18906605922552
362.4315417050356 55.19362186788156
365.65211069645716 57.38041002277905
366.7377502059807 59.02050113895217
367.8209664130277 60.47835990888383
368.90418262007466 61.93621867881549
371.0536519168322 63.57630979498862
374.27422090825377 65.76309794988612
376.42853680996467 67.76765375854214
379.64910580138616 69.95444191343964
381.79615179566713 71.41230068337131
382.88421460766733 73.23462414578589
386.08782048175254 74.14578587699317
390.3673726554549 75.96810933940776
395.70348470896135 77.24373576309796
401.0468666698977 79.06605922551253
406.37813211845105 79.97722095671982
415.9622934134639 80.70615034168566
426.61028449571074 81.43507972665148
436.1823292783406 81.25284738041003
444.6953908786895 81.43507972665148
454.26985896379585 81.43507972665148
461.7166674744342 81.43507972665148
469.16347598507247 81.43507972665148
474.4826249212427 81.43507972665148
487.24858236805125 81.43507972665148
497.88688024039163 81.43507972665148
509.5890078999661 81.43507972665148
519.1634759850724 81.43507972665148
530.8680269471236 81.61731207289294
543.6388309988853 81.98177676537586
556.4023651432171 81.7995444191344
565.9792565308002 81.98177676537586
573.4333349488684 82.52847380410023
581.9488198516939 82.89293849658316
589.4004749672854 83.25740318906607
597.9135365676344 83.43963553530753
603.2399554112344 83.9863325740319
610.6819173169195 83.62186788154898
615.9986429506131 83.43963553530753
622.3767750690641 83.0751708428246
629.8187369747492 82.7107061503417
639.3883584549025 82.34624145785878
650.0193864198129 81.7995444191344
658.5300247176853 81.7995444191344
668.0996461978385 81.43507972665148
679.7993505549363 81.25284738041003
693.6291377889788 81.25284738041003
703.2036058740853 81.25284738041003
714.9057335336596 81.25284738041003
725.539184801047 80.8883826879271
734.044976493966 80.5239179954442
740.4158387049872 79.6127562642369
745.718024523821 78.33712984054671
751.0226336451317 77.24373576309796
757.398342461106 76.69703872437358
765.9017108515485 76.15034168564921
772.2774196675228 75.60364464692483
779.7145349682547 74.87471526195901
788.2154800562206 74.14578587699317
796.7140018417099 73.23462414578589
804.1462705374885 72.14123006833714
810.5147094460331 71.04783599088839
817.9469781418118 69.95444191343964
823.2540105655988 69.04328018223235
831.7452624436581 67.58542141230069
837.0450249600156 66.12756264236903
842.3423641738963 64.48747152619592
847.6421266902536 63.02961275626424
854.0057189938449 61.57175398633258
859.3006349052488 59.749430523918
864.6052440265595 58.65603644646926
867.7821935734019 57.5626423690205
873.0843793922359 56.2870159453303
877.3178888188824 54.64692482915718
883.6790578199971 53.00683371298406
887.9149905491204 51.5489749430524
893.2074831580478 49.544419134396364
898.5023990694519 47.72209567198178
902.7407551010517 46.44646924829158
906.9742645276984 44.80637813211845
913.3330102263365 42.98405466970388
917.5640963505064 41.1617312072893
926.0432317161828 38.792710706150345
933.4561139921486 36.24145785876995
940.8786894780206 34.41913439635536
945.1097756021907 32.59681093394079
951.4709446033054 30.956719817767663
956.7610139097562 28.769931662870164
963.1197596083944 26.94760820045559
970.5374884893133 24.76082004555809
977.9576406727089 22.756264236902055
984.3042698589638 20.02277904328018
992.7858285271168 17.835990888382696
1000.2035574080356 15.649202733485211
1006.5623031066738 13.82687927107061
1016.1173847719672 12.369020501138962
1021.4195705908012 11.09339407744875
1029.9083991663838 9.45330296127564
1039.465904134154 8.177676537585441
1049.0209857994473 6.719817767653765
1056.4556777977027 5.808656036446479
1066.0131827654727 4.53302961275628
1075.5731110357194 3.4396355353075307