355.38 0.15859
365.38 0.18186
375.61 0.21732
382.48 0.26484
388.30 0.30535
393.99 0.34173
400.83 0.37791
410.13 0.41670
419.30 0.44719
430.36 0.48888
440.85 0.52914
450.78 0.56223
461.72 0.60446
470.84 0.63081
480.74 0.67074
489.33 0.71678
499.83 0.74739
510.32 0.77223
520.82 0.79594
531.32 0.81176
541.61 0.82317
552.31 0.84306
562.80 0.86255
573.30 0.87458
583.79 0.88796
594.29 0.89625
604.79 0.90276
615.28 0.92022
625.78 0.92765
636.27 0.92964
646.77 0.93225
657.27 0.94150
667.76 0.94415
678.26 0.94797
688.75 0.95097
699.25 0.95192
709.75 0.95053
720.24 0.94919
730.74 0.94593
741.23 0.93486
751.73 0.92964
762.23 0.92743
772.72 0.91540
783.22 0.90433
793.71 0.88943
804.21 0.87545
814.70 0.85647
825.20 0.82438
832.69 0.80351
838.70 0.78544
846.72 0.75517
856.19 0.73358
864.59 0.69141
872.73 0.65911
882.48 0.61579
891.15 0.58585
897.10 0.55356
906.53 0.52345
911.51 0.48765
918.00 0.44654
924.14 0.41313
933.66 0.38171
942.65 0.34809
951.53 0.30531
957.26 0.27310
967.64 0.23741
978.14 0.20341
987.17 0.16708
995.21 0.13575
1004.6 0.11113
1015.1 0.088417
1025.6 0.065098
1036.1 0.044167
1042.9 0.042712