1.1 -7.268939e-05
1.0995 -5.903498e-05
1.099 -5.594048e-05
1.0985 -3.54108e-05
1.098 -7.722998e-05
1.0975 -3.796081e-05
1.097 -5.905794e-05
1.0965 -0.00011398352
1.096 -3.551031e-05
1.0955 -2.936701e-05
1.095 -2.913229e-05
1.0945 -4.609676e-05
1.094 -7.093945e-05
1.0935 -7.710491e-05
1.093 -6.424498e-05
1.0925 -7.297705e-05
1.092 -6.177595e-05
1.0915 -6.395363e-05
1.091 -5.720221e-05
1.0905 -5.39342e-05
1.09 -5.75632e-05
1.0895 -9.744779e-05
1.089 -6.439294e-05
1.0885 -5.712644e-05
1.088 -6.860313e-05
1.0875 -4.490665e-05
1.087 -3.897755e-05
1.0865 -7.919435e-05
1.086 -8.249713e-05
1.0855 -4.873091e-05
1.085 -2.619147e-05
1.0845 -7.213598e-05
1.084 -4.372708e-05
1.0835 -4.007886e-05
1.083 -4.312418e-05
1.0825 -4.851163e-05
1.082 -5.749051e-05
1.0815 -5.600496e-05
1.081 -6.670197e-05
1.0805 -5.274759e-05
1.08 -9.024432e-05
1.0795 -7.83612e-05
1.079 -4.392651e-05
1.0785 -5.54276e-05
1.078 -4.127028e-05
1.0775 -7.378933e-05
1.077 -6.467582e-05
1.0765 -5.993547e-05
1.076 -7.304598e-05
1.0755 -2.69473e-05
1.075 -3.386303e-05
1.0745 -4.302401e-05
1.074 -4.138325e-05
1.0735 -6.051423e-05
1.073 -6.183386e-05
1.0725 -3.326859e-05
1.072 -3.054278e-05
1.0715 -5.389122e-05
1.071 -9.088267e-05
1.0705 -6.445066e-05
1.07 -2.880715e-05
1.0695 -4.595647e-05
1.069 -7.279688e-05
1.0685 -5.922782e-05
1.068 -8.160845e-05
1.0675 -9.116873e-05
1.067 -0.00011256995
1.0665 -7.802814e-05
1.066 -3.541356e-05
1.0655 -6.200773e-05
1.065 -6.9189e-05
1.0645 -4.778005e-05
1.064 -6.817736e-05
1.0635 -6.013566e-05
1.063 -5.071256e-05
1.0625 -9.978323e-05
1.062 -5.981992e-05
1.0615 -5.192956e-05
1.061 -5.900767e-05
1.0605 -0.00010264857
1.06 -4.550856e-05
1.0595 -6.713049e-05
1.059 -5.532717e-05
1.0585 -6.055983e-05
1.058 -6.816257e-05
1.0575 -2.758293e-05
1.057 -3.269148e-05
1.0565 -5.98823e-05
1.056 -8.386859e-05
1.0555 -4.135157e-05
1.055 -4.837832e-05
1.0545 -2.718616e-05
1.054 -6.127313e-05
1.0535 -7.85004e-05
1.053 -4.075669e-05
1.0525 -3.426622e-05
1.052 -9.494015e-05
1.0515 -8.908357e-05
1.051 -2.251098e-05
1.0505 -7.053739e-05
1.05 -6.732725e-05
1.0495 -4.74539e-05
1.049 -6.933897e-05
1.0485 -3.860045e-05
1.048 -2.323114e-05
1.0475 -6.499601e-05
1.047 -3.5805e-05
1.0465 -6.455489e-05
1.046 -4.054394e-05
1.0455 -6.49024e-05
1.045 -4.062439e-05
1.0445 -7.292279e-05
1.044 -7.885392e-05
1.0435 -1.067261e-05
1.043 -4.408297e-05
1.0425 -8.981277e-05
1.042 -2.418239e-05
1.0415 -4.835835e-05
1.041 -6.892246e-05
1.0405 -8.99783e-05
1.04 -6.650662e-05
1.0395 -3.103326e-05
1.039 -4.229208e-05
1.0385 -5.234414e-05
1.038 -4.858633e-05
1.0375 -7.118875e-05
1.037 -3.279003e-05
1.0365 -6.235467e-05
1.036 -5.502527e-05
1.0355 -6.52247e-05
1.035 -5.278142e-05
1.0345 -6.64785e-05
1.034 -8.396646e-05
1.0335 -4.028502e-05
1.033 -6.351262e-05
1.0325 -7.602843e-05
1.032 -5.834371e-05
1.0315 -6.769844e-05
1.031 -5.089894e-05
1.0305 -4.883827e-05
1.03 -6.183629e-05
1.0295 -0.00010477923
1.029 -2.514995e-05
1.0285 -5.667951e-05
1.028 -7.945978e-05
1.0275 -4.846293e-05
1.027 -4.129971e-05
1.0265 -4.327761e-05
1.026 -7.91309e-05
1.0255 -4.711115e-05
1.025 -5.05327e-05
1.0245 -6.194184e-05
1.024 -7.193146e-05
1.0235 -3.068676e-05
1.023 -5.496356e-05
1.0225 -3.006858e-05
1.022 -3.346436e-05
1.0215 -6.526689e-05
1.021 -6.109988e-05
1.0205 -6.43569e-05
1.02 -4.745025e-05
1.0195 -7.369881e-05
1.019 -3.26046e-05
1.0185 -2.761411e-05
1.018 -6.767699e-05
1.0175 -5.227467e-05
1.017 -6.076057e-05
1.0165 -5.783213e-05
1.016 -8.428321e-05
1.0155 -2.849095e-05
1.015 -5.670563e-05
1.0145 -6.406572e-05
1.014 -2.760296e-05
1.0135 -1.942206e-05
1.013 -5.715669e-05
1.0125 -3.21152e-05
1.012 -7.134162e-05
1.0115 -7.381179e-05
1.011 -2.798222e-05
1.0105 -5.672376e-05
1.01 -8.405561e-05
1.0095 -1.10144e-05
1.009 -5.872703e-05
1.0085 -5.189136e-05
1.008 -4.112072e-05
1.0075 1.952479e-05
1.007 -5.068636e-05
1.0065 -7.55157e-05
1.006 -6.618987e-05
1.0055 -3.731058e-05
1.005 -8.71147e-05
1.0045 -3.167491e-05
1.004 -3.700356e-05
1.0035 -5.616405e-05
1.003 -7.454776e-05
1.0025 -5.660595e-05
1.002 -1.83477e-06
1.0015 -7.229169e-05
1.001 -5.27668e-05
1.0005 -2.321549e-05
1.0 -7.589678e-05
0.9995 -5.865443e-05
0.999 -7.808241e-05
0.9985 -5.887286e-05
0.998 -5.80025e-05
0.9975 -6.551742e-05
0.997 -4.78711e-05
0.9965 -3.844653e-05
0.996 -7.918129e-05
0.9955 -4.351406e-05
0.995 -3.824878e-05
0.9945 -5.915844e-05
0.994 -8.737068e-05
0.9935 -1.593302e-05
0.993 -1.612603e-05
0.9925 -6.44677e-05
0.992 -3.428198e-05
0.9915 -2.433555e-05
0.991 -4.74602e-05
0.9905 -7.778509e-05
0.99 -1.645759e-05
0.9895 -6.968176e-05
0.989 -5.431487e-05
0.9885 -2.705774e-05
0.988 -2.92545e-06
0.9875 -5.908672e-05
0.987 -2.325741e-05
0.9865 -8.769892e-05
0.986 -5.345742e-05
0.9855 -5.419576e-05
0.985 -9.331699e-05
0.9845 -2.707481e-05
0.984 -6.628446e-05
0.9835 -2.51811e-05
0.983 -7.245757e-05
0.9825 -6.317938e-05
0.982 -5.640644e-05
0.9815 -5.219521e-05
0.981 -5.201514e-05
0.9805 -4.660953e-05
0.98 -7.04929e-05
0.9795 -2.549594e-05
0.979 -4.906514e-05
0.9785 -4.340586e-05
0.978 -2.663156e-05
0.9775 -8.499227e-05
0.977 -6.804584e-05
0.9765 -7.87506e-06
0.976 -1.642541e-05
0.9755 -5.262812e-05
0.975 -4.74879e-05
0.9745 -2.172936e-05
0.974 -6.503119e-05
0.9735 -4.280853e-05
0.973 -1.086478e-05
0.9725 -8.303441e-05
0.972 -4.686472e-05
0.9715 -1.263981e-05
0.971 -6.129961e-05
0.9705 -6.547887e-05
0.97 -8.919054e-05
0.9695 -1.82837e-05
0.969 -5.937169e-05
0.9685 -1.76171e-05
0.968 -1.479085e-05
0.9675 -5.861925e-05
0.967 -2.055143e-05
0.9665 -3.305495e-05
0.966 -3.092234e-05
0.9655 -6.255893e-05
0.965 -2.571221e-05
0.9645 -3.443374e-05
0.964 -6.284633e-05
0.9635 -8.68068e-05
0.963 -4.364816e-05
0.9625 -6.34102e-05
0.962 -4.397685e-05
0.9615 -5.066548e-05
0.961 -3.956463e-05
0.9605 -4.289658e-05
0.96 -5.003589e-05
0.9595 -5.14009e-05
0.959 -6.50266e-05
0.9585 -2.421674e-05
0.958 -4.852989e-05
0.9575 -1.349834e-05
0.957 -5.625253e-05
0.9565 -6.421059e-05
0.956 -6.990779e-05
0.9555 -2.371965e-05
0.955 -7.498732e-05
0.9545 -4.975912e-05
0.954 5.17286e-06
0.9535 -5.463472e-05
0.953 -4.829924e-05
0.9525 -8.208407e-05
0.952 -1.729462e-05
0.9515 -2.368808e-05
0.951 -6.564564e-05
0.9505 -4.284791e-05
0.95 -3.772135e-05
0.9495 -2.105146e-05
0.949 -4.072421e-05
0.9485 -3.115868e-05
0.948 -7.496896e-05
0.9475 -1.049906e-05
0.947 -6.844931e-05
0.9465 -3.706283e-05
0.946 -1.381876e-05
0.9455 -1.439363e-05
0.945 -4.84574e-05
0.9445 -6.442253e-05
0.944 -1.489115e-05
0.9435 -7.82325e-06
0.943 -6.104825e-05
0.9425 -4.05552e-05
0.942 -7.65743e-05
0.9415 -8.977635e-05
0.941 -4.357862e-05
0.9405 -1.11264e-05
0.94 -6.301417e-05
0.9395 -7.47499e-05
0.939 -5.043588e-05
0.9385 -1.206129e-05
0.938 -2.564385e-05
0.9375 -4.953027e-05
0.937 -2.182706e-05
0.9365 -4.000188e-05
0.936 1.33e-07
0.9355 -6.25259e-06
0.935 -2.720873e-05
0.9345 -6.083916e-05
0.934 -2.213851e-05
0.9335 -5.167505e-05
0.933 -4.276309e-05
0.9325 -8.803169e-05
0.932 -8.931675e-05
0.9315 -4.233239e-05
0.931 -1.738634e-05
0.9305 -1.041515e-05
0.93 -3.414586e-05
0.9295 -4.192278e-05
0.929 -4.420562e-05
0.9285 -2.746468e-05
0.928 -1.711635e-05
0.9275 -8.865187e-05
0.927 -7.45901e-06
0.9265 -1.295628e-05
0.926 -5.434137e-05
0.9255 -3.49213e-05
0.925 -3.1896e-06
0.9245 -7.938133e-05
0.924 -5.852003e-05
0.9235 -4.813192e-05
0.923 -2.901306e-05
0.9225 -5.360474e-05
0.922 -3.648191e-05
0.9215 -5.778029e-05
0.921 -4.811393e-05
0.9205 -9.10791e-06
0.92 -3.496379e-05
0.9195 -4.394907e-05
0.919 -4.479722e-05
0.9185 -4.66069e-05
0.918 -5.581927e-05
0.9175 -4.020935e-05
0.917 -3.405421e-05
0.9165 -3.221156e-05
0.916 -3.175858e-05
0.9155 -6.02684e-05
0.915 -3.385143e-05
0.9145 -3.613042e-05
0.914 -4.079693e-05
0.9135 -5.603302e-05
0.913 -2.127907e-05
0.9125 -5.649781e-05
0.912 -5.090728e-05
0.9115 -4.334817e-05
0.911 -7.648213e-05
0.9105 -4.700828e-05
0.91 -5.355019e-05
0.9095 -4.083068e-05
0.909 -3.284493e-05
0.9085 -2.379471e-05
0.908 1.76102e-05
0.9075 -1.712862e-05
0.907 -7.565721e-05
0.9065 -6.230303e-05
0.906 -6.508981e-05
0.9055 -2.591301e-05
0.905 -1.815334e-05
0.9045 -3.815819e-05
0.904 -3.27152e-05
0.9035 -5.728792e-05
0.903 -1.272948e-05
0.9025 -2.586088e-05
0.902 -4.392855e-05
0.9015 -9.1615e-06
0.901 -4.672117e-05
0.9005 -2.810283e-05
0.9 -4.452247e-05
0.8995 -3.283692e-05
0.899 -1.381658e-05
0.8985 1.221859e-05
0.898 1.039364e-05
0.8975 -3.108034e-05
0.897 7.83e-07
0.8965 -1.992498e-05
0.896 -2.538139e-05
0.8955 -1.493922e-05
0.895 -2.748121e-05
0.8945 -1.098015e-05
0.894 -1.276071e-05
0.8935 -1.382021e-05
0.893 -1.034012e-05
0.8925 -7.71367e-06
0.892 4.70852e-06
0.8915 5.8e-07
0.891 -1.720601e-05
0.8905 -1.04626e-06
0.89 3.22051e-06
0.8895 1.09141e-06
0.889 -6.05403e-06
0.8885 -2.249245e-05
0.888 1.30736e-05
0.8875 1.70162e-06
0.887 1.51092e-06
0.8865 7.64e-07
0.886 -9.84621e-06
0.8855 -1.65e-07
0.885 1.43803e-06
0.8845 1.294036e-05
0.884 -1.670626e-05
0.8835 -2.28976e-06
0.883 -1.925983e-05
0.8825 -1.235508e-05
0.882 -4.96621e-06
0.8815 -9.54408e-06
0.881 6.1098e-06
0.8805 -4.76389e-06
0.88 4.07282e-06
0.8795 -5.15e-07
0.879 -9.50724e-06
0.8785 -9.68233e-06
0.878 -5.61771e-06
0.8775 1.23075e-06
0.877 -5.08491e-06
0.8765 -2.64661e-06
0.876 -7.73006e-06
0.8755 8.02722e-06
0.875 3.88e-07
0.8745 1.663e-06
0.874 1.00405e-06
0.8735 -7.85257e-06
0.873 4.83718e-06
0.8725 5.47111e-06
0.872 -2.43e-07
0.8715 -8.6e-07
0.871 2.93266e-06
0.8705 -5.25308e-06
0.87 -1.097027e-05
0.8695 -3.95489e-06
0.869 -1.06e-07
0.8685 -1.134571e-05
0.868 -1.948203e-05
0.8675 1.00551e-05
0.867 3.78647e-06
0.8665 -8.65133e-06
0.866 -5.65241e-06
0.8655 -1.268634e-05
0.865 -8.05388e-06
0.8645 -4.76881e-06
0.864 -1.935185e-05
0.8635 3.6442e-06
0.863 -3.2664e-06
0.8625 -2.53251e-06
0.862 -5.56437e-06
0.8615 -1.14132e-06
0.861 -1.70541e-06
0.8605 -1.067246e-05
0.86 2.93356e-06
0.8595 -8.18e-07
0.859 -1.41066e-06
0.8585 -1.92914e-06
0.858 -6.89555e-06
0.8575 -1.12842e-06
0.857 -3.68351e-06
0.8565 -6.85428e-06
0.856 -8.66495e-06
0.8555 -1.45873e-06
0.855 -4.55669e-06
0.8545 -6.21e-07
0.854 -8.78214e-06
0.8535 7.71e-07
0.853 4.73439e-06
0.8525 -1.81026e-06
0.852 1.54267e-06
0.8515 -1.474854e-05
0.851 -6.14376e-06
0.8505 1.12062e-06
0.85 3.126e-06
0.8495 1.095778e-05
0.849 -5.86694e-06
0.8485 -1.26259e-06
0.848 -4.46537e-06
0.8475 -1.79723e-06
0.847 -7.11688e-06
0.8465 -7.72123e-06
0.846 -1.232871e-05
0.8455 -7.67441e-06
0.845 -3.63171e-06
0.8445 -2.30143e-06
0.844 -1.953481e-05
0.8435 9.0614e-06
0.843 9.0825e-06
0.8425 -1.023075e-05
0.842 3.09494e-06
0.8415 -2.96e-07
0.841 -1.6415e-06
0.8405 5.03997e-06
0.84 2.33303e-06
0.8395 -9.21536e-06
0.839 -3.86529e-06
0.8385 4.25596e-06
0.838 -1.05668e-05
0.8375 -8.0843e-06
0.837 -1.296025e-05
0.8365 -2.30567e-06
0.836 -1.77338e-06
0.8355 -4.63205e-06
0.835 5.52e-08
0.8345 -2.81335e-06
0.834 -8.4103e-06
0.8335 2.31846e-06
0.833 -5.2905e-06
0.8325 -8.23907e-06
0.832 4.46377e-06
0.8315 2.102678e-05
0.831 4.16337e-06
0.8305 -3.08476e-06
0.83 -7.96846e-06
0.8295 -1.171977e-05
0.829 -1.078534e-05
0.8285 -3.37561e-06
0.828 4.2e-07
0.8275 5.03886e-06
0.827 -1.808738e-05
0.8265 -1.231e-06
0.826 1.96335e-06
0.8255 -4.78398e-06
0.825 -1.67953e-05
0.8245 6.19787e-06
0.824 1.80603e-06
0.8235 -9.18608e-06
0.823 -3.76e-07
0.8225 8.14418e-06
0.822 -5.40874e-06
0.8215 -2.36361e-06
0.821 7.68e-07
0.8205 -6.7092e-06
0.82 4.66724e-06
0.8195 2.10644e-06
0.819 2.40044e-06
0.8185 -1.750846e-05
0.818 -2.11967e-06
0.8175 -4.73328e-06
0.817 -2.39783e-06
0.8165 -8.11e-07
0.816 -7.46557e-06
0.8155 -4.68729e-06
0.815 -1.195455e-05
0.8145 -1.024104e-05
0.814 4.30076e-06
0.8135 9.3662e-06
0.813 -1.094379e-05
0.8125 -5.84066e-06
0.812 -2.20719e-06
0.8115 3.43572e-06
0.811 6.53777e-06
0.8105 -9.23067e-06
0.81 -1.7709e-06
0.8095 -1.396293e-05
0.809 -3.69374e-06
0.8085 -5.71117e-06
0.808 -1.269343e-05
0.8075 -6.8653e-06
0.807 -1.658605e-05
0.8065 1.0791e-06
0.806 -5.80166e-06
0.8055 -4.31186e-06
0.805 -2.14411e-06
0.8045 3.43403e-06
0.804 -1.018315e-05
0.8035 8.88e-07
0.803 -1.14493e-05
0.8025 -1.134993e-05
0.802 -3.26e-07
0.8015 6.26264e-06
0.801 7.7405e-06
0.8005 1.065195e-05
0.8 -4.44503e-06
0.7995 -1.300912e-05
0.799 -4.33159e-06
0.7985 2.70451e-06
0.798 5.09631e-06
0.7975 -2.25326e-06
0.797 -8.72008e-06
0.7965 1.05402e-05
0.796 -3.17983e-06
0.7955 -1.878715e-05
0.795 -7.78442e-06
0.7945 -9.6746e-06
0.794 3.52e-07
0.7935 -7.11115e-06
0.793 6.54e-07
0.7925 -6.18395e-06
0.792 -7.64592e-06
0.7915 -3.80272e-06
0.791 -7.89901e-06
0.7905 4.36175e-06
0.79 -8.1274e-06
0.7895 -1.066032e-05
0.789 -1.383302e-05
0.7885 2.11044e-06
0.788 -1.377605e-05
0.7875 5.49203e-06
0.787 -8.72256e-06
0.7865 3.15e-08
0.786 -9.63024e-06
0.7855 -1.02927e-06
0.785 2.58113e-06
0.7845 4.77189e-06
0.784 -1.23778e-06
0.7835 3.243e-06
0.783 -2.14e-07
0.7825 -1.213847e-05
0.782 9.2794e-06
0.7815 4.47289e-06
0.781 -9.27e-07
0.7805 -2.11363e-06
0.78 3.48385e-06
0.7795 -6.67482e-06
0.779 -8.14328e-06
0.7785 -1.14511e-05
0.778 -5.98e-07
0.7775 2.36452e-06
0.777 -2.31979e-06
0.7765 -1.029954e-05
0.776 6.17362e-06
0.7755 9.33008e-06
0.775 -2.3617e-06
0.7745 2.049939e-05
0.774 3.63946e-06
0.7735 -1.494674e-05
0.773 1.694708e-05
0.7725 -1.088428e-05
0.772 8.58e-07
0.7715 -1.191496e-05
0.771 -5.19107e-06
0.7705 -7.78312e-06
0.77 -4.73058e-06
0.7695 -5.19128e-06
0.769 8.70902e-06
0.7685 9.46822e-06
0.768 -1.864362e-05
0.7675 -1.548268e-05
0.767 -5.88841e-06
0.7665 -1.92e-08
0.766 -4.7225e-06
0.7655 -5.8872e-06
0.765 -4.97806e-06
0.7645 -2.05336e-06
0.764 -2.213678e-05
0.7635 7.52241e-06
0.763 2.64898e-06
0.7625 -2.81978e-06
0.762 -4.69025e-06
0.7615 -3.10411e-06
0.761 3.21992e-06
0.7605 -4.72582e-06
0.76 9e-07
0.7595 1.86668e-06
0.759 -9.90354e-06
0.7585 -4.02769e-06
0.758 -3.78824e-06
0.7575 -8.47e-07
0.757 8.0755e-06
0.7565 5.05367e-06
0.756 -9.56623e-06
0.7555 4.81013e-06
0.755 -1.526882e-05
0.7545 -8.72216e-06
0.754 1.7838e-06
0.7535 5.98978e-06
0.753 -1.89362e-06
0.7525 -4.51101e-06
0.752 -1.157284e-05
0.7515 9.75306e-06
0.751 -3.32427e-06
0.7505 5.10438e-06
0.75 -3.57011e-06
0.7495 9.37364e-06
0.749 2.95008e-06
0.7485 1.104716e-05
0.748 8.2967e-06
0.7475 5.39e-08
0.747 2.98785e-06
0.7465 1.535199e-05
0.746 -7.41e-07
0.7455 -1.23604e-06
0.745 -8.88083e-06
0.7445 1.24304e-06
0.744 -6.22547e-06
0.7435 1.737508e-05
0.743 3.78675e-06
0.7425 6.61085e-06
0.742 7.49e-07
0.7415 -1.76071e-06
0.741 1.033621e-05
0.7405 1.944171e-05
0.74 7.72247e-06
0.7395 -3.05932e-06
0.739 -1.49111e-06
0.7385 6.01689e-06
0.738 2.075421e-05
0.7375 1.664564e-05
0.737 1.244976e-05
0.7365 -1.99361e-06
0.736 -4.25e-07
0.7355 1.39306e-05
0.735 1.129212e-05
0.7345 1.319617e-05
0.734 1.450061e-05
0.7335 2.359055e-05
0.733 1.799126e-05
0.7325 2.547414e-05
0.732 1.25601e-05
0.7315 2.59301e-05
0.731 2.070517e-05
0.7305 1.659322e-05
0.73 2.215897e-05
0.7295 1.108579e-05
0.729 1.590276e-05
0.7285 1.591082e-05
0.728 2.653897e-05
0.7275 1.589276e-05
0.727 3.834675e-05
0.7265 3.11553e-05
0.726 3.647028e-05
0.7255 4.031234e-05
0.725 3.53428e-05
0.7245 3.113575e-05
0.724 4.107487e-05
0.7235 3.899087e-05
0.723 3.734495e-05
0.7225 3.709613e-05
0.722 4.633775e-05
0.7215 3.928708e-05
0.721 6.01928e-05
0.7205 4.572896e-05
0.72 2.979995e-05
0.7195 6.621312e-05
0.719 5.538371e-05
0.7185 5.358541e-05
0.718 7.445554e-05
0.7175 6.586525e-05
0.717 6.844161e-05
0.7165 6.704803e-05
0.716 8.009787e-05
0.7155 7.800661e-05
0.715 7.323087e-05
0.7145 8.771194e-05
0.714 8.683379e-05
0.7135 9.774369e-05
0.713 8.098936e-05
0.7125 9.646088e-05
0.712 0.00010821345
0.7115 0.00011308217
0.711 8.974818e-05
0.7105 0.00013210505
0.71 0.00012729222
0.7095 0.00013609285
0.709 0.00013737088
0.7085 0.00012729106
0.708 0.00014619822
0.7075 0.00013342781
0.707 0.00015334257
0.7065 0.00016526731
0.706 0.00016539468
0.7055 0.00018345544
0.705 0.00016347289
0.7045 0.00017112894
0.704 0.00019108854
0.7035 0.00020120934
0.703 0.00019009121
0.7025 0.00020507397
0.702 0.00021203285
0.7015 0.00021313973
0.701 0.00022842418
0.7005 0.00023046114
0.7 0.00023703121
0.6995 0.00024347426
0.699 0.00023707999
0.6985 0.00025606392
0.698 0.00025644336
0.6975 0.00026063424
0.697 0.00026148243
0.6965 0.00027468206
0.696 0.00026727332
0.6955 0.00027769245
0.695 0.00028289791
0.6945 0.0002880558
0.694 0.00029264426
0.6935 0.0002844614
0.693 0.00028496262
0.6925 0.00029072477
0.692 0.00029423114
0.6915 0.00029370066
0.691 0.00028973807
0.6905 0.00028950494
0.69 0.00029866572
0.6895 0.00028744003
0.689 0.0002886072
0.6885 0.00028527938
0.688 0.00029047668
0.6875 0.0002908574
0.687 0.00029229129
0.6865 0.00027859274
0.686 0.00028880429
0.6855 0.00026656428
0.685 0.00026783969
0.6845 0.00025894184
0.684 0.00026427308
0.6835 0.00026177485
0.683 0.00025079476
0.6825 0.00024883496
0.682 0.00024490545
0.6815 0.00023868877
0.681 0.00021883171
0.6805 0.00022068132
0.68 0.0002255542
0.6795 0.00021575641
0.679 0.00021101531
0.6785 0.00018941758
0.678 0.00018428223
0.6775 0.00018435022
0.677 0.00017044505
0.6765 0.00016760457
0.676 0.0001680351
0.6755 0.00016982693
0.675 0.00016268412
0.6745 0.00014872813
0.674 0.00013016286
0.6735 0.00013361928
0.673 0.00014076101
0.6725 0.00012516649
0.672 0.00012290718
0.6715 0.00012134598
0.671 0.00011160866
0.6705 9.014546e-05
0.67 9.774068e-05
0.6695 0.00010635954
0.669 8.304495e-05
0.6685 9.967022e-05
0.668 9.644869e-05
0.6675 8.806713e-05
0.667 7.974421e-05
0.6665 9.283199e-05
0.666 7.178214e-05
0.6655 8.082968e-05
0.665 6.647127e-05
0.6645 5.643691e-05
0.664 7.121918e-05
0.6635 6.454766e-05
0.663 6.530332e-05
0.6625 5.730174e-05
0.662 5.744134e-05
0.6615 4.361075e-05
0.661 5.046376e-05
0.6605 5.566782e-05
0.66 4.889485e-05
0.6595 5.118525e-05
0.659 5.537292e-05
0.6585 4.93164e-05
0.658 5.740718e-05
0.6575 4.613292e-05
0.657 5.648843e-05
0.6565 4.35098e-05
0.656 4.191343e-05
0.6555 4.972761e-05
0.655 2.797074e-05
0.6545 3.526505e-05
0.654 4.843893e-05
0.6535 3.890059e-05
0.653 6.231284e-05
0.6525 5.195456e-05
0.652 4.388279e-05
0.6515 4.367879e-05
0.651 5.703828e-05
0.6505 3.92858e-05
0.65 4.517658e-05
0.6495 3.304578e-05
0.649 3.429138e-05
0.6485 5.135422e-05
0.648 3.675972e-05
0.6475 3.734733e-05
0.647 3.989459e-05
0.6465 4.186989e-05
0.646 4.880006e-05
0.6455 4.186649e-05
0.645 4.802885e-05
0.6445 6.176015e-05
0.644 5.075541e-05
0.6435 5.214658e-05
0.643 6.731474e-05
0.6425 5.153019e-05
0.642 4.745462e-05
0.6415 5.581148e-05
0.641 6.630623e-05
0.6405 7.132768e-05
0.64 6.662075e-05
0.6395 6.333635e-05
0.639 7.47739e-05
0.6385 8.424776e-05
0.638 9.166544e-05
0.6375 8.847589e-05
0.637 8.312867e-05
0.6365 6.977875e-05
0.636 8.534063e-05
0.6355 9.744555e-05
0.635 0.00010820978
0.6345 0.00011249616
0.634 0.00011235463
0.6335 0.00013845851
0.633 0.00011663729
0.6325 0.00013198929
0.632 0.00012148509
0.6315 0.00013956578
0.631 0.00013379693
0.6305 0.0001412063
0.63 0.0001567794
0.6295 0.00016879886
0.629 0.00016000308
0.6285 0.00019015515
0.628 0.00017774424
0.6275 0.0001666104
0.627 0.00019757818
0.6265 0.00021001371
0.626 0.0002115619
0.6255 0.00022989681
0.625 0.00022051664
0.6245 0.0002307372
0.624 0.0002564049
0.6235 0.00025638636
0.623 0.00026650809
0.6225 0.00027810853
0.622 0.00028282054
0.6215 0.0002860821
0.621 0.00030181546
0.6205 0.00031593319
0.62 0.00030753214
0.6195 0.00031694219
0.619 0.00032387007
0.6185 0.00032835275
0.618 0.0003496968
0.6175 0.00034348596
0.617 0.00036573403
0.6165 0.00034609474
0.616 0.00037142895
0.6155 0.00038190715
0.615 0.00038061716
0.6145 0.00039133344
0.614 0.00038757864
0.6135 0.00040137429
0.613 0.00041463137
0.6125 0.0004104631
0.612 0.00041518208
0.6115 0.00042184941
0.611 0.00042200867
0.6105 0.0004322499
0.61 0.00044305667
0.6095 0.00044112846
0.609 0.00045491442
0.6085 0.00044952769
0.608 0.00046215437
0.6075 0.00046092786
0.607 0.00047227442
0.6065 0.00046664312
0.606 0.00046746228
0.6055 0.00048583753
0.605 0.00047776014
0.6045 0.00047343634
0.604 0.00047485616
0.6035 0.00047396023
0.603 0.00047812805
0.6025 0.00047754984
0.602 0.00048270725
0.6015 0.0004731309
0.601 0.00047277067
0.6005 0.00047128372
0.6 0.00048377119
0.5995 0.00047142975
0.599 0.00046676219
0.5985 0.00046074253
0.598 0.00045750909
0.5975 0.00045900796
0.597 0.00047173183
0.5965 0.00046769153
0.596 0.00046395246
0.5955 0.00046345241
0.595 0.00045032151
0.5945 0.00047308624
0.594 0.00046060123
0.5935 0.00049188007
0.593 0.00049205363
0.5925 0.00051973674
0.592 0.00052532002
0.5915 0.00053323817
0.591 0.00057463087
0.5905 0.00059556846
0.59 0.00061729766
0.5895 0.00066085786
0.589 0.00070304319
0.5885 0.00074397154
0.588 0.0007890559
0.5875 0.00086843967
0.587 0.00092565738
0.5865 0.00102002136
0.586 0.00108060055
0.5855 0.00118904144
0.585 0.00129566163
0.5845 0.00143362507
0.584 0.00157603085
0.5835 0.00172709972
0.583 0.00187609226
0.5825 0.00208804041
0.582 0.00228133798
0.5815 0.00250709057
0.581 0.00274196386
0.5805 0.0030235517
0.58 0.00330096334
0.5795 0.00362032712
0.579 0.00393854678
0.5785 0.00429112375
0.578 0.00466278613
0.5775 0.00504540741
0.577 0.00546936572
0.5765 0.00589569449
0.576 0.00637142897
0.5755 0.00686622262
0.575 0.00736278951
0.5745 0.00788767815
0.574 0.00842751861
0.5735 0.00898135245
0.573 0.00953620017
0.5725 0.01013497829
0.572 0.01071773171
0.5715 0.01131899714
0.571 0.01190333486
0.5705 0.0125062418
0.57 0.01307380319
0.5695 0.01367321014
0.569 0.014201684
0.5685 0.01481508851
0.568 0.01534520507
0.5675 0.01589765906
0.567 0.01638822317
0.5665 0.01688166499
0.566 0.01736610413
0.5655 0.01777629137
0.565 0.01821934819
0.5645 0.01857162476
0.564 0.01890330553
0.5635 0.01918904662
0.563 0.01946645975
0.5625 0.0196879971
0.562 0.01986880183
0.5615 0.02001529932
0.561 0.02009736538
0.5605 0.02017266989
0.56 0.02016822815
0.5595 0.0201377058
0.559 0.020026443
0.5585 0.01990277648
0.558 0.01972477913
0.5575 0.01952766299
0.557 0.01923221707
0.5565 0.01892751217
0.556 0.01861081123
0.5555 0.01821636558
0.555 0.01782095075
0.5545 0.01738748908
0.554 0.01695884705
0.5535 0.0165069437
0.553 0.01603392482
0.5525 0.01558232903
0.552 0.01511956453
0.5515 0.01467371106
0.551 0.01423818827
0.5505 0.0138329649
0.55 0.01340047717
0.5495 0.01303040385
0.549 0.01266725779
0.5485 0.01234205484
0.548 0.01202042222
0.5475 0.01174058437
0.547 0.01149372339
0.5465 0.01124201775
0.546 0.01105589747
0.5455 0.01082537532
0.545 0.01067498326
0.5445 0.01055858493
0.544 0.01044174194
0.5435 0.01036427736
0.543 0.01031114459
0.5425 0.01025954127
0.542 0.01023851991
0.5415 0.01023627877
0.541 0.01027190685
0.5405 0.01030732632
0.54 0.01036952496
0.5395 0.01047977328
0.539 0.01056008935
0.5385 0.01068955421
0.538 0.01084969401
0.5375 0.01101833582
0.537 0.01121748567
0.5365 0.01143485069
0.536 0.01167917848
0.5355 0.01194953442
0.535 0.01225167155
0.5345 0.01256781101
0.534 0.01293794513
0.5335 0.01333615541
0.533 0.01377410769
0.5325 0.01425877213
0.532 0.01475508809
0.5315 0.01531370044
0.531 0.01592131138
0.5305 0.01658714414
0.53 0.01731033444
0.5295 0.01805805445
0.529 0.01888394713
0.5285 0.0197639358
0.528 0.02068593502
0.5275 0.02170695305
0.527 0.02277125835
0.5265 0.02391056776
0.526 0.02512291908
0.5255 0.02640544891
0.525 0.02776194096
0.5245 0.02917911053
0.524 0.03067620754
0.5235 0.03223989248
0.523 0.03388067007
0.5225 0.0355762887
0.522 0.03730541468
0.5215 0.03914051056
0.521 0.04107953072
0.5205 0.04308933258
0.52 0.04507156849
0.5195 0.04720544338
0.519 0.04932483196
0.5185 0.05156366348
0.518 0.0538891983
0.5175 0.05615401268
0.517 0.0585759449
0.5165 0.06102743149
0.516 0.06347425461
0.5155 0.06604869843
0.515 0.06864009857
0.5145 0.07128241539
0.514 0.0739888382
0.5135 0.07669174671
0.513 0.07952643871
0.5125 0.08234342575
0.512 0.08529755592
0.5115 0.08840752602
0.511 0.09150234222
0.5105 0.09480935097
0.51 0.09814853668
0.5095 0.1015825748
0.509 0.1052681637
0.5085 0.10910285
0.508 0.1130656815
0.5075 0.1172822189
0.507 0.1215857983
0.5065 0.1259315586
0.506 0.1305313301
0.5055 0.1351279163
0.505 0.1398432541
0.5045 0.1447405243
0.504 0.1494701099
0.5035 0.1543394279
0.503 0.1590761375
0.5025 0.1637598801
0.502 0.1685318756
0.5015 0.173069725
0.501 0.1774962616
0.5005 0.1819305229
0.5 0.1861493301
0.4995 0.1904973221
0.499 0.194687748
0.4985 0.1989101791
0.498 0.2032149506
0.4975 0.2075571823
0.497 0.211842308
0.4965 0.2162613678
0.496 0.2208304405
0.4955 0.2255972481
0.495 0.230478096
0.4945 0.2354051971
0.494 0.2408431435
0.4935 0.2461133385
0.493 0.2516630363
0.4925 0.2574675751
0.492 0.2632121086
0.4915 0.2693482018
0.491 0.2754945374
0.4905 0.2817329216
0.49 0.2883062744
0.4895 0.2950319862
0.489 0.3017393875
0.4885 0.3086584473
0.488 0.3156943893
0.4875 0.3229627609
0.487 0.3301993561
0.4865 0.3376067352
0.486 0.3451999283
0.4855 0.3528695679
0.485 0.360572052
0.4845 0.3684725571
0.484 0.3761472702
0.4835 0.3841182709
0.483 0.3920676041
0.4825 0.3998477936
0.482 0.4080279922
0.4815 0.4158885956
0.481 0.4238645554
0.4805 0.431873436
0.48 0.4397419739
0.4795 0.4476101685
0.479 0.4556961441
0.4785 0.4631966782
0.478 0.4710332108
0.4775 0.4786668015
0.477 0.4863081741
0.4765 0.4939008331
0.476 0.5016150665
0.4755 0.509190979
0.475 0.5164573288
0.4745 0.5237601471
0.474 0.5313516235
0.4735 0.538521843
0.473 0.5457733154
0.4725 0.5530836105
0.472 0.5599865341
0.4715 0.5672178268
0.471 0.5741687012
0.4705 0.5809729004
0.47 0.5878376389
0.4695 0.5947816467
0.469 0.6014781189
0.4685 0.6080535507
0.468 0.6144313812
0.4675 0.6206320953
0.467 0.6266930771
0.4665 0.6325811768
0.466 0.6381478882
0.4655 0.6437474823
0.465 0.6488441467
0.4645 0.6538604736
0.464 0.6585409546
0.4635 0.6631185913
0.463 0.6674669647
0.4625 0.6714293671
0.462 0.6755648804
0.4615 0.6794929504
0.461 0.6832331085
0.4605 0.6869231415
0.46 0.6903887939
0.4595 0.693926239
0.459 0.6969960785
0.4585 0.700250473
0.458 0.7033210754
0.4575 0.7064391327
0.457 0.7091161346
0.4565 0.7119281769
0.456 0.7144125366
0.4555 0.7170049286
0.455 0.7191506958
0.4545 0.7215752411
0.454 0.7235832214
0.4535 0.72582901
0.453 0.7278461456
0.4525 0.7301509857
0.452 0.7321029663
0.4515 0.734233017
0.451 0.736526413
0.4505 0.738602829
0.45 0.7407641602
0.4495 0.7430843353
0.449 0.7452497864
0.4485 0.7475418091
0.448 0.7496017456
0.4475 0.7515914917
0.447 0.7535453796
0.4465 0.7553770447
0.446 0.7573027039
0.4455 0.7588272858
0.445 0.7605338287
0.4445 0.7622207642
0.444 0.763751297
0.4435 0.765124054
0.443 0.7665423584
0.4425 0.7679341888
0.442 0.769256897
0.4415 0.7702807617
0.441 0.7714750671
0.4405 0.7726490784
0.44 0.7735636139
0.4395 0.7742274475
0.439 0.7753175354
0.4385 0.7762458038
0.438 0.7770388794
0.4375 0.777956543
0.437 0.7787546539
0.4365 0.7798509216
0.436 0.7805911255
0.4355 0.7815898895
0.435 0.7826279449
0.4345 0.7834304047
0.434 0.7846363831
0.4335 0.7852441406
0.433 0.7861769104
0.4325 0.7869898987
0.432 0.7877523041
0.4315 0.7885530853
0.431 0.7891230011
0.4305 0.7897385406
0.43 0.790398941
0.4295 0.7907926178
0.429 0.7913903809
0.4285 0.7920100403
0.428 0.7924263763
0.4275 0.7929136658
0.427 0.7933563232
0.4265 0.7937820435
0.426 0.7943753052
0.4255 0.7946077728
0.425 0.7950920105
0.4245 0.7955817413
0.424 0.7957125092
0.4235 0.7964723969
0.423 0.7967707062
0.4225 0.7964360809
0.422 0.7968493652
0.4215 0.7969011688
0.421 0.7969796753
0.4205 0.7968971252
0.42 0.7966840363
0.4195 0.7966107941
0.419 0.7964757538
0.4185 0.7958847809
0.418 0.7954438019
0.4175 0.7951370239
0.417 0.7945341492
0.4165 0.7940419769
0.416 0.7935735321
0.4155 0.7930732727
0.415 0.7928269196
0.4145 0.7922770691
0.414 0.7920077515
0.4135 0.7915441132
0.413 0.7910342407
0.4125 0.790541687
0.412 0.7900022888
0.4115 0.7893934631
0.411 0.7887051392
0.4105 0.7879842377
0.41 0.7872149658
0.4095 0.7863160706
0.409 0.7853395081
0.4085 0.7842727661
0.408 0.7834107971
0.4075 0.7824817657
0.407 0.7811906433
0.4065 0.7798709869
0.406 0.7786886597
0.4055 0.7771947479
0.405 0.7759502411
0.4045 0.7742188263
0.404 0.772651062
0.4035 0.7709149933
0.403 0.7692060089
0.4025 0.7673233795
0.402 0.7654750824
0.4015 0.7635875702
0.401 0.761701889
0.4005 0.7591510773
0.4 0.7571470642
0.3995 0.7546469116
0.399 0.752188797
0.3985 0.7493598175
0.398 0.746452713
0.3975 0.7434194946
0.397 0.7402620697
0.3965 0.7366383362
0.396 0.733254776
0.3955 0.7292838287
0.395 0.7250675201
0.3945 0.7209889221
0.394 0.716275177
0.3935 0.7107082367
0.393 0.7046337891
0.3925 0.6982952118
0.392 0.6912932587
0.3915 0.683457489
0.391 0.6744042969
0.3905 0.664339447
0.39 0.6532846832
0.3895 0.6403244781
0.389 0.6259383011
0.3885 0.6097492981
0.388 0.5917395401
0.3875 0.5710490799
0.387 0.547177124
0.3865 0.5211088181
0.386 0.4920298386
0.3855 0.459324913
0.385 0.4245031738
0.3845 0.3868283463
0.384 0.3463758087
0.3835 0.3056590271
0.383 0.2631748962
0.3825 0.222427845
0.382 0.1834326744
0.3815 0.1471326542
0.381 0.1144234085
0.3805 0.0859910965
0.38 0.06235129356
0.3795 0.04390960693
0.379 0.02973155975
0.3785 0.01956487417
0.378 0.01248730302
0.3775 0.00759618759
0.377 0.00452859193
0.3765 0.00260986835
0.376 0.00145927236
0.3755 0.00082072176
0.375 0.00044999443
0.3745 0.00024233602
0.374 0.00013112923
0.3735 8.228854e-05
0.373 4.561498e-05
0.3725 4.077137e-05
0.372 2.671853e-05
0.3715 2.232267e-05
0.371 2.168936e-05
0.3705 2.239827e-05
0.37 3.94927e-06
0.3695 1.09869e-06
0.369 1.767187e-05
0.3685 2.28072e-06
0.368 6.40472e-06
0.3675 1.840451e-05
0.367 3.39572e-06
0.3665 2.524434e-05
0.366 6.83448e-06
0.3655 2.297015e-05
0.365 1.689855e-05
0.3645 9.35534e-06
0.364 1.552573e-05
0.3635 8.54122e-06
0.363 2.325911e-05
0.3625 2.047851e-05
0.362 2.236901e-05
0.3615 1.283349e-05
0.361 9.44031e-06
0.3605 1.548442e-05
0.36 1.548149e-05
0.3595 9.92592e-06
0.359 2.317364e-05
0.3585 1.546199e-05
0.358 2.439077e-05
0.3575 1.344775e-05
0.357 1.544407e-05
0.3565 1.132039e-05
0.356 1.334297e-05
0.3555 1.11929e-05
0.355 1.335922e-05
0.3545 8.72821e-06
0.354 1.811136e-05
0.3535 1.74631e-05
0.353 1.959546e-05
0.3525 1.401667e-05
0.352 1.136442e-05
0.3515 1.877156e-05
0.351 1.189998e-05
0.3505 6.8963e-06
0.35 1.190931e-05
0.3495 1.601403e-05
0.349 1.65953e-05
0.3485 3.93754e-06
0.348 2.288658e-05
0.3475 2.69575e-06
0.347 -4.44e-07
0.3465 1.402841e-05
0.346 1.528668e-05
0.3455 1.339483e-05
0.345 1.589154e-05
0.3445 1.339237e-05
0.344 1.027004e-05
0.3435 4.05926e-06
0.343 1.958851e-05
0.3425 1.215397e-05
0.342 2.016141e-05
0.3415 1.276848e-05
0.341 3.58232e-06
0.3405 1.338274e-05
0.34 7.29405e-06
0.3395 1.520833e-05
0.339 1.197524e-05
0.3385 8.79421e-06
0.338 6.95237e-06
0.3375 8.92435e-06
0.337 1.644731e-05
0.3365 4.13565e-06
0.336 1.094351e-05
0.3355 1.644942e-05
0.335 -2.27069e-06
0.3345 1.838703e-05
0.334 2.276752e-05
0.3335 1.893404e-05
0.333 5.29501e-06
0.3325 6.02018e-06
0.332 1.454654e-05
0.3315 6.11687e-06
0.331 1.261225e-05
0.3305 3.8065e-06
0.33 1.266789e-05
0.3295 6.53961e-06
0.329 1.272287e-05
0.3285 1.390335e-05
0.328 1.257888e-05
0.3275 1.641398e-05
0.327 2.015785e-05
0.3265 2.2561e-05
0.326 7.81346e-06
0.3255 1.875783e-05
0.325 7.06194e-06
0.3245 5.52248e-06
0.324 6.26605e-06
0.3235 5.7409e-06
0.323 1.327536e-05
0.3225 1.268203e-05
0.322 1.83299e-06
0.3215 -9.14847e-06
0.321 -2.95e-07
0.3205 1.448872e-05
0.32 1.260886e-05
0.3195 1.46205e-06
0.319 1.450407e-05
0.3185 1.754775e-05
0.318 1.636818e-05
0.3175 3.50497e-06
0.317 8.73499e-06
0.3165 1.637879e-05
0.316 1.38187e-06
0.3155 1.264087e-05
0.315 1.022213e-05
0.3145 7.85424e-06
0.314 6.39018e-06
0.3135 1.767895e-05
0.313 -7.15346e-06
0.3125 1.132816e-05
0.312 1.011543e-05
0.3115 2.74602e-06
0.311 4.08217e-06
0.3105 1.328235e-05
0.31 1.029141e-05
0.3095 8.27216e-06
0.309 2.90353e-06
0.3085 1.510159e-05
0.308 5.88e-07
0.3075 2.58955e-06
0.307 1.633978e-05
0.3065 -2.11663e-06
0.306 1.69053e-06
0.3055 6.03766e-06
0.305 1.697524e-05
0.3045 -1.70248e-06
0.304 5.49952e-06
0.3035 8.76596e-06
0.303 1.196959e-05
0.3025 2.67687e-06
0.302 1.142318e-05
0.3015 7.81653e-06
0.301 -4.73564e-06
0.3005 1.326732e-05
0.3 4.90994e-06
0.2995 3.14414e-06
0.299 3.92373e-06
0.2985 3.45981e-06
0.298 1.79954e-06
0.2975 6.43567e-06
0.297 1.195954e-05
0.2965 3.80369e-06
0.296 1.579544e-05
0.2955 9.04786e-06
0.295 -2.34265e-06
0.2945 1.20956e-05
0.294 8.8316e-06
0.2935 -2.99019e-06
0.293 1.213219e-05
0.2925 6.11e-07
0.292 1.524247e-05
0.2915 -8.53e-07
0.291 8.27667e-06
0.2905 2.027219e-05
0.29 4.19134e-06
0.2895 1.149972e-05
0.289 1.010076e-05
0.2885 5.06076e-06
0.288 2.69656e-06
0.2875 -2.09346e-06
0.287 3.67576e-06
0.2865 4.01729e-06
0.286 -3.3943e-06
0.2855 -5.68236e-06
0.285 2.64e-07
0.2845 6.05717e-06
0.284 -5.44401e-06
0.2835 4.68479e-06
0.283 1.473754e-05
0.2825 7.08069e-06
0.282 1.097836e-05
0.2815 -7.05073e-06
0.281 -1.84196e-06
0.2805 4.00589e-06
0.28 1.085337e-05
0.2795 -7.89e-08
0.279 1.799713e-05
0.2785 1.165532e-05
0.278 -2.70128e-06
0.2775 -3.12865e-06
0.277 5.26409e-06
0.2765 1e-06
0.276 1.14774e-06
0.2755 5.80881e-06
0.275 2.06379e-06
0.2745 -2.87591e-06
0.274 4.83434e-06
0.2735 3.69141e-06
0.273 2.56723e-06
0.2725 8.54841e-06
0.272 4.77e-07
0.2715 6.18e-07
0.271 4.61891e-06
0.2705 2.17141e-06
0.27 5.45723e-06
0.2695 -6.3671e-06
0.269 -2.43404e-06
0.2685 -1.68523e-06
0.268 -2.39e-07
0.2675 1.03859e-05
0.267 3.29473e-06
0.2665 2.76675e-06
0.266 -7.33587e-06
0.2655 3.62898e-06
0.265 6.25018e-06
0.2645 7.57749e-06
0.264 -2.30882e-06
0.2635 1.304361e-05
0.263 7.79514e-06
0.2625 1.97172e-06
0.262 -5.72833e-06
0.2615 3.46172e-06
0.261 -3.51485e-06
0.2605 -7.21996e-06
0.26 3.07568e-06
0.2595 -6.30694e-06
0.259 -5.54662e-06
0.2585 4.139e-06
0.258 -6.28543e-06
0.2575 -7.49609e-06
0.257 -4.05978e-06
0.2565 -3.96109e-06
0.256 -8.45505e-06
0.2555 2.11471e-06
0.255 -6.94772e-06
0.2545 -6.85681e-06
0.254 -3.1e-07
0.2535 -4.14013e-06
0.253 -2.28046e-05
0.2525 4.5e-07
0.252 -5.31637e-06
0.2515 -1.493228e-05
0.251 -1.41153e-06
0.2505 6.31504e-06
0.25 3.11277e-06
0.2495 -1.358708e-05
0.249 -1.100332e-05
0.2485 -7.77739e-06
0.248 7.66018e-06
0.2475 6.39583e-06
0.247 -1.27617e-06
0.2465 -7.63942e-06
0.246 2.00004e-06
0.2455 2.18883e-06
0.245 6.49601e-06
0.2445 9.25537e-06
0.244 -5.71456e-06
0.2435 -2.26634e-06
0.243 -1.311019e-05
0.2425 -5.61447e-06
0.242 -2.88483e-06
0.2415 -8.33079e-06
0.241 -2.89598e-06
0.2405 1.345122e-05
0.24 3.21599e-06
0.2395 -2.15e-07
0.239 -5.03526e-06
0.2385 -2.293567e-05
0.238 -9.85e-07
0.2375 -1.277927e-05
0.237 -1.77317e-06
0.2365 -5.31681e-06
0.236 -8.90125e-06
0.2355 -8.30775e-06
0.235 -4.18549e-06
0.2345 -4.29168e-06
0.234 -8.6963e-06
0.2335 2.67254e-06
0.233 6.93595e-06
0.2325 4.68133e-06
0.232 -4.24364e-06
0.2315 -1.43242e-06
0.231 2.92451e-06
0.2305 -7.02127e-06
0.23 6.87952e-06
0.2295 -2.18694e-06
0.229 -1.88e-07
0.2285 -1.08235e-06
0.228 -1.237245e-05
0.2275 -8.20631e-06
0.227 6.02e-07
0.2265 -8.59992e-06
0.226 -5.83882e-06
0.2255 -1.566634e-05
0.225 9.14727e-06
0.2245 7.29e-07
0.224 -1.73582e-05
0.2235 -2.89219e-06
0.223 -8.37936e-06
0.2225 -1.339e-06
0.222 -3.20453e-06
0.2215 -1.30545e-06
0.221 -3.948e-06
0.2205 6.16526e-06
0.22 -1.677835e-05
0.2195 -7.42274e-06
0.219 -2.080312e-05
0.2185 9.0787e-06
0.218 6.14275e-06
0.2175 -1.183575e-05
0.217 -4.03062e-06
0.2165 2.83482e-06
0.216 -1.053324e-05
0.2155 -3.45179e-06
0.215 -7.76439e-06
0.2145 4.57903e-06
0.214 -6.82705e-06
0.2135 -7.43301e-06
0.213 -6.48416e-06
0.2125 3.47089e-06
0.212 -1.337251e-05
0.2115 2.38143e-06
0.211 -8.27671e-06
0.2105 -1.807558e-05
0.21 1.91386e-06
0.2095 -1.02023e-06
0.209 -1.914079e-05
0.2085 -1.7076e-06
0.208 -5.56397e-06
0.2075 7.83e-07
0.207 6.48e-08
0.2065 -1.726251e-05
0.206 -1.48433e-06
0.2055 -6.29269e-06
0.205 -6.39684e-06
0.2045 7.12554e-06
0.204 -1.314723e-05
0.2035 -1.89272e-06
0.203 -2.102036e-05
0.2025 4.18588e-06
0.202 -3.30912e-06
0.2015 -1.110593e-05
0.201 -1.55663e-06
0.2005 -3.47383e-06
0.2 -6.36747e-06
