1.1 0.1980825424
1.0995 0.2001678276
1.099 0.2021952438
1.0985 0.2042371941
1.098 0.2065600014
1.0975 0.2088307953
1.097 0.2111193275
1.0965 0.2133904457
1.096 0.2154516792
1.0955 0.2176104164
1.095 0.2198589706
1.0945 0.2223397827
1.094 0.2246413803
1.0935 0.2269627762
1.093 0.2291901588
1.0925 0.2313749123
1.092 0.2336580467
1.0915 0.2361154938
1.091 0.2385588074
1.0905 0.2409280586
1.09 0.2433125305
1.0895 0.2455634117
1.089 0.2478291893
1.0885 0.2502705765
1.088 0.252789135
1.0875 0.2553237915
1.087 0.2577070045
1.0865 0.260024929
1.086 0.262463398
1.0855 0.264875927
1.085 0.2674205589
1.0845 0.270014534
1.084 0.2725836945
1.0835 0.2748726845
1.083 0.2772523689
1.0825 0.2797780037
1.082 0.282417984
1.0815 0.2850007057
1.081 0.2876480865
1.0805 0.290071106
1.08 0.2924542999
1.0795 0.2949584198
1.079 0.2975733566
1.0785 0.3003347015
1.078 0.3029098129
1.0775 0.3055120468
1.077 0.3079286575
1.0765 0.3103634071
1.076 0.3129417038
1.0755 0.3157697105
1.075 0.3185367203
1.0745 0.3211669159
1.074 0.3236704636
1.0735 0.3261017227
1.073 0.3287145615
1.0725 0.3314929581
1.072 0.3343122482
1.0715 0.3369468307
1.071 0.339484024
1.0705 0.3420277405
1.07 0.3445375443
1.0695 0.3473149109
1.069 0.3499935532
1.0685 0.3527710342
1.068 0.3554296112
1.0675 0.3578720856
1.067 0.3604187775
1.0665 0.3630952454
1.066 0.3658853149
1.0655 0.3686714554
1.065 0.3713443375
1.0645 0.3740301132
1.064 0.3765213776
1.0635 0.3790802765
1.063 0.3818280792
1.0625 0.3846738434
1.062 0.3874990463
1.0615 0.3901078796
1.061 0.392563324
1.0605 0.3951908112
1.06 0.3979511261
1.0595 0.4006595612
1.059 0.4035248566
1.0585 0.4062184525
1.058 0.408666153
1.0575 0.4112001801
1.057 0.4138764191
1.0565 0.4167734909
1.056 0.4194945908
1.0555 0.4222134781
1.055 0.424780426
1.0545 0.4272471237
1.054 0.429946022
1.0535 0.4326224518
1.053 0.43552742
1.0525 0.4381856537
1.052 0.4408432388
1.0515 0.4434582138
1.051 0.4459397888
1.0505 0.4486931229
1.05 0.4516254425
1.0495 0.4543613052
1.049 0.4568414307
1.0485 0.4593466568
1.048 0.4619510651
1.0475 0.4645447922
1.047 0.4673274612
1.0465 0.4700320053
1.046 0.472743187
1.0455 0.4752220154
1.045 0.4776657867
1.0445 0.4802914047
1.044 0.4829561996
1.0435 0.4855952072
1.043 0.4883664322
1.0425 0.4909632492
1.042 0.4933385086
1.0415 0.4957694244
1.041 0.4984508133
1.0405 0.5012106323
1.04 0.5037828064
1.0395 0.5063679123
1.039 0.5087351227
1.0385 0.5111883163
1.038 0.5137440491
1.0375 0.516464653
1.037 0.5190348053
1.0365 0.5214785385
1.036 0.5240500641
1.0355 0.5263322067
1.035 0.5287555313
1.0345 0.5313037491
1.034 0.5339567184
1.0335 0.5365436554
1.033 0.538904953
1.0325 0.5412400436
1.032 0.5435710526
1.0315 0.5460209656
1.031 0.5485990524
1.0305 0.5512371826
1.03 0.5536635971
1.0295 0.5558322525
1.029 0.5581766891
1.0285 0.560553627
1.028 0.5631290054
1.0275 0.5655883026
1.027 0.5679813766
1.0265 0.570311203
1.026 0.5724691772
1.0255 0.574900322
1.025 0.577199173
1.0245 0.5796427917
1.024 0.5821141434
1.0235 0.5843395996
1.023 0.5865481949
1.0225 0.5887462616
1.022 0.5911107635
1.0215 0.5934909058
1.021 0.5957609558
1.0205 0.5981230927
1.02 0.6002142334
1.0195 0.6023466492
1.019 0.6046278
1.0185 0.6068329239
1.018 0.6091840744
1.0175 0.6113531494
1.017 0.6135001373
1.0165 0.6155630493
1.016 0.6177223206
1.0155 0.6198810959
1.015 0.6222716522
1.0145 0.6243763733
1.014 0.6266489792
1.0135 0.6285493851
1.013 0.6306410599
1.0125 0.6328166199
1.012 0.634980545
1.0115 0.6372022629
1.011 0.6392568207
1.0105 0.6412590027
1.01 0.6432635498
1.0095 0.6452891541
1.009 0.6474777222
1.0085 0.6495989227
1.008 0.6516340637
1.0075 0.6535551453
1.007 0.6554790497
1.0065 0.6575450134
1.006 0.6595335388
1.0055 0.6616344452
1.005 0.6636974335
1.0045 0.6656018829
1.004 0.6674153137
1.0035 0.6693622589
1.003 0.6714703369
1.0025 0.6734790802
1.002 0.6753982544
1.0015 0.6772762299
1.001 0.6790882874
1.0005 0.6808854675
1.0 0.6828025818
0.9995 0.6849325562
0.999 0.6867721558
0.9985 0.6885627747
0.998 0.6904249573
0.9975 0.6921540833
0.997 0.69399086
0.9965 0.6958644867
0.996 0.69782341
0.9955 0.6996305847
0.995 0.7012776184
0.9945 0.7029730225
0.994 0.7048950195
0.9935 0.7065226746
0.993 0.7083113098
0.9925 0.71001091
0.992 0.7118014526
0.9915 0.7135004425
0.991 0.7150793457
0.9905 0.7167916107
0.99 0.7185497284
0.9895 0.7204363251
0.989 0.7220439148
0.9885 0.723644104
0.988 0.7252296448
0.9875 0.7267581177
0.987 0.7285820007
0.9865 0.7301985931
0.986 0.7319197845
0.9855 0.7333431244
0.985 0.7348231506
0.9845 0.7364111328
0.984 0.7380308533
0.9835 0.739608078
0.983 0.7412672424
0.9825 0.74266716
0.982 0.744220047
0.9815 0.7458226776
0.981 0.7472270966
0.9805 0.7487205505
0.98 0.7502727509
0.9795 0.7517557526
0.979 0.7532969666
0.9785 0.7545585632
0.978 0.7561485291
0.9775 0.7575429535
0.977 0.7590385437
0.9765 0.7604656219
0.976 0.7619258118
0.9755 0.7632698822
0.975 0.7645578003
0.9745 0.7661071014
0.974 0.7675655365
0.9735 0.7688485718
0.973 0.7702607727
0.9725 0.7716116333
0.972 0.7728301239
0.9715 0.7741989136
0.971 0.775577774
0.9705 0.7769764709
0.97 0.778221817
0.9695 0.779539566
0.969 0.7807753754
0.9685 0.782060318
0.968 0.7834407043
0.9675 0.7847029114
0.967 0.786047287
0.9665 0.7872389221
0.966 0.7884127808
0.9655 0.7895285797
0.965 0.7910294342
0.9645 0.792159729
0.964 0.793356781
0.9635 0.7947123718
0.963 0.79570755
0.9625 0.7969342804
0.962 0.798068924
0.9615 0.7992978668
0.961 0.8006601715
0.9605 0.8018753052
0.96 0.8029290771
0.9595 0.8040911865
0.959 0.8051356506
0.9585 0.8063352966
0.958 0.8075500488
0.9575 0.8086198425
0.957 0.8097715759
0.9565 0.8108280945
0.956 0.8120141602
0.9555 0.8130560303
0.955 0.8142949677
0.9545 0.8154867554
0.954 0.8164700317
0.9535 0.8175546265
0.953 0.8185808563
0.9525 0.8196212769
0.952 0.8207673645
0.9515 0.8218229675
0.951 0.8229697418
0.9505 0.8238889313
0.95 0.8249152374
0.9495 0.8259018707
0.949 0.8270050049
0.9485 0.8281255341
0.948 0.8290727997
0.9475 0.8300074768
0.947 0.8310575867
0.9465 0.8320738983
0.946 0.833078537
0.9455 0.8341142273
0.945 0.8350287628
0.9445 0.8360942841
0.944 0.8369591522
0.9435 0.8378138733
0.943 0.8388530731
0.9425 0.8397114563
0.942 0.8406925201
0.9415 0.8416624451
0.941 0.8425849152
0.9405 0.8433705902
0.94 0.8444586945
0.9395 0.8452870941
0.939 0.8462261963
0.9385 0.847064743
0.938 0.8479800415
0.9375 0.8489739227
0.937 0.8496798706
0.9365 0.8506564331
0.936 0.8515176392
0.9355 0.8523899078
0.935 0.8532557678
0.9345 0.8541571045
0.934 0.8549443054
0.9335 0.8558911133
0.933 0.8566320801
0.9325 0.8575193024
0.932 0.8582426453
0.9315 0.8591268921
0.931 0.8598681641
0.9305 0.8606787872
0.93 0.861599884
0.9295 0.8623361969
0.929 0.863236084
0.9285 0.8639460754
0.928 0.8646839905
0.9275 0.8654924774
0.927 0.8663605499
0.9265 0.8670581818
0.926 0.8678630829
0.9255 0.8686393738
0.925 0.8694033813
0.9245 0.870103302
0.924 0.870929184
0.9235 0.8717573547
0.923 0.8724419403
0.9225 0.8730960083
0.922 0.8738333893
0.9215 0.8746076202
0.921 0.8753264618
0.9205 0.8759854126
0.92 0.8769153595
0.9195 0.8775556946
0.919 0.8781679535
0.9185 0.8788584137
0.918 0.8795270538
0.9175 0.8802606201
0.917 0.8810325623
0.9165 0.8817344666
0.916 0.8824975586
0.9155 0.8831679535
0.915 0.8837225342
0.9145 0.8846246338
0.914 0.8851593781
0.9135 0.8856965637
0.913 0.8863973236
0.9125 0.8872196198
0.912 0.8878562164
0.9115 0.8885655975
0.911 0.8892195129
0.9105 0.8898248291
0.91 0.8904646301
0.9095 0.8911103821
0.909 0.8917371368
0.9085 0.8922209167
0.908 0.8928338623
0.9075 0.8937137604
0.907 0.8942460632
0.9065 0.89485672
0.906 0.8954036713
0.9055 0.8960739899
0.905 0.8967157745
0.9045 0.8973695374
0.904 0.8977055359
0.9035 0.8985531616
0.903 0.8991352081
0.9025 0.8996126556
0.902 0.9004434204
0.9015 0.9009015656
0.901 0.9013496399
0.9005 0.9019418335
0.9 0.9025384521
0.8995 0.9033141327
0.899 0.9014768219
0.8985 0.8982830811
0.898 0.9015050507
0.8975 0.9032642365
0.897 0.9044624329
0.8965 0.8982855988
0.896 0.9002384949
0.8955 0.9029306793
0.895 0.9003186035
0.8945 0.9036793518
0.894 0.9056667328
0.8935 0.9061342621
0.893 0.9076377106
0.8925 0.9087450409
0.892 0.9069750214
0.8915 0.9079563904
0.891 0.9092204285
0.8905 0.9099829102
0.89 0.9063470459
0.8895 0.9087989044
0.889 0.9102888489
0.8885 0.9084972382
0.888 0.913741684
0.8875 0.9149227905
0.887 0.9149478912
0.8865 0.9121360779
0.886 0.9102533722
0.8855 0.9178186798
0.885 0.9152445984
0.8845 0.9149402618
0.884 0.9165425873
0.8835 0.9166923523
0.883 0.917283783
0.8825 0.9179682922
0.882 0.9158294678
0.8815 0.9173665619
0.881 0.9193424225
0.8805 0.9181608582
0.88 0.9189605713
0.8795 0.9172410583
0.879 0.919499588
0.8785 0.9192751312
0.878 0.9198735046
0.8775 0.9220449066
0.877 0.9216281891
0.8765 0.9237772369
0.876 0.9250251007
0.8755 0.9244486237
0.875 0.9212299347
0.8745 0.9230127716
0.874 0.9243997955
0.8735 0.9254998779
0.873 0.9285601044
0.8725 0.9247119904
0.872 0.9239826202
0.8715 0.9240536499
0.871 0.9252718353
0.8705 0.926591568
0.87 0.927743454
0.8695 0.9273215485
0.869 0.9289022064
0.8685 0.9279470825
0.868 0.9289766693
0.8675 0.9296102142
0.867 0.9285231781
0.8665 0.9293263245
0.866 0.9298265076
0.8655 0.9284346008
0.865 0.9315098572
0.8645 0.9300802612
0.864 0.9312657928
0.8635 0.9329679871
0.863 0.9324146271
0.8625 0.9333604431
0.862 0.9324919891
0.8615 0.9323321533
0.861 0.9337206268
0.8605 0.9343496704
0.86 0.9357241058
0.8595 0.934881897
0.859 0.9361518097
0.8585 0.9364060211
0.858 0.9363344574
0.8575 0.9366613007
0.857 0.9370323944
0.8565 0.9375321198
0.856 0.9367171478
0.8555 0.9388366699
0.855 0.9383852386
0.8545 0.9380905151
0.854 0.9388941956
0.8535 0.9388890839
0.853 0.9394699097
0.8525 0.9400553131
0.852 0.9402606201
0.8515 0.9403242493
0.851 0.9408865356
0.8505 0.9411330414
0.85 0.9414665985
0.8495 0.9414529419
0.849 0.9426441956
0.8485 0.9425269318
0.848 0.9431600952
0.8475 0.9434386444
0.847 0.9431791687
0.8465 0.9438759613
0.846 0.9442378235
0.8455 0.9448471069
0.845 0.9449112701
0.8445 0.9449989319
0.844 0.9455249786
0.8435 0.9451010895
0.843 0.9458494568
0.8425 0.9466686249
0.842 0.9469361115
0.8415 0.9476390076
0.841 0.9474031067
0.8405 0.9470998383
0.84 0.9475325775
0.8395 0.9483330536
0.839 0.9482520294
0.8385 0.948480072
0.838 0.948980484
0.8375 0.9487113953
0.837 0.9492041779
0.8365 0.9495233917
0.836 0.9495897675
0.8355 0.9502229309
0.835 0.950178833
0.8345 0.9504016876
0.834 0.9509034729
0.8335 0.9506859589
0.833 0.9512178802
0.8325 0.9515800476
0.832 0.951705246
0.8315 0.9523180389
0.831 0.9519731903
0.8305 0.9520054626
0.83 0.9526191711
0.8295 0.9526155853
0.829 0.9526351166
0.8285 0.9533100891
0.828 0.9532333374
0.8275 0.9534420013
0.827 0.9538352203
0.8265 0.9532967377
0.826 0.9539608765
0.8255 0.9544172668
0.825 0.9544256592
0.8245 0.9548564911
0.824 0.9545846558
0.8235 0.954746933
0.823 0.955002594
0.8225 0.9547902679
0.822 0.9549302673
0.8215 0.9551094818
0.821 0.9555825806
0.8205 0.9558338165
0.82 0.9557193756
0.8195 0.955699234
0.819 0.9555251312
0.8185 0.9561603546
0.818 0.9556893921
0.8175 0.9564728546
0.817 0.956245575
0.8165 0.9560158539
0.816 0.9563690948
0.8155 0.9566281128
0.815 0.9568315125
0.8145 0.9566742706
0.814 0.9571580505
0.8135 0.9568901825
0.813 0.9570575714
0.8125 0.9570793152
0.812 0.9575379181
0.8115 0.9572968292
0.811 0.9576509094
0.8105 0.9571933746
0.81 0.9575668335
0.8095 0.9584537506
0.809 0.9581100464
0.8085 0.9582723999
0.808 0.9584657288
0.8075 0.9585840607
0.807 0.9582952881
0.8065 0.9587393951
0.806 0.9590965271
0.8055 0.9591359711
0.805 0.9591621399
0.8045 0.9592118835
0.804 0.9595664978
0.8035 0.9593204498
0.803 0.9599141693
0.8025 0.9598054504
0.802 0.959565506
0.8015 0.9600715637
0.801 0.9601066589
0.8005 0.9601766205
0.8 0.9608320618
0.7995 0.9603953552
0.799 0.9607351685
0.7985 0.9604483032
0.798 0.9607472229
0.7975 0.9610485077
0.797 0.9608912659
0.7965 0.9611386108
0.796 0.961305542
0.7955 0.9609444427
0.795 0.9611051178
0.7945 0.9611886597
0.794 0.961329422
0.7935 0.9613752747
0.793 0.9614959717
0.7925 0.9614690399
0.792 0.9615090942
0.7915 0.9613232422
0.791 0.9614147949
0.7905 0.9620352936
0.79 0.9616111755
0.7895 0.961714325
0.789 0.9616691589
0.7885 0.9616033173
0.788 0.9614915466
0.7875 0.9612911224
0.787 0.9613610077
0.7865 0.9614014435
0.786 0.9614346313
0.7855 0.9613092041
0.785 0.9613354492
0.7845 0.961268158
0.784 0.961339035
0.7835 0.9612402344
0.783 0.9611616516
0.7825 0.9607880402
0.782 0.9607034302
0.7815 0.9603662109
0.781 0.9607791138
0.7805 0.9602767181
0.78 0.9601452637
0.7795 0.9599602509
0.779 0.9597013092
0.7785 0.9594989777
0.778 0.9592524719
0.7775 0.9590906525
0.777 0.958912735
0.7765 0.9584591675
0.776 0.95817276
0.7755 0.9580848694
0.775 0.9573761749
0.7745 0.9570860291
0.774 0.9568736267
0.7735 0.9565237427
0.773 0.9558138275
0.7725 0.955173111
0.772 0.9550205231
0.7715 0.9541590118
0.771 0.9540745544
0.7705 0.9531088257
0.77 0.9528411102
0.7695 0.9524197388
0.769 0.9517007446
0.7685 0.9508649445
0.768 0.9501538086
0.7675 0.9495762634
0.767 0.9485429382
0.7665 0.9476712036
0.766 0.9468067169
0.7655 0.9458859253
0.765 0.9450494385
0.7645 0.9442082977
0.764 0.9431861877
0.7635 0.9421491241
0.763 0.9411401367
0.7625 0.9395762634
0.762 0.9386251831
0.7615 0.9371134186
0.761 0.9359864807
0.7605 0.9345508575
0.76 0.9329454041
0.7595 0.9315969086
0.759 0.9295823669
0.7585 0.928073349
0.758 0.9261597443
0.7575 0.9246443939
0.757 0.9226155853
0.7565 0.9207637024
0.756 0.9186479187
0.7555 0.9163600159
0.755 0.9141899109
0.7545 0.9117138672
0.754 0.9092380524
0.7535 0.9065486908
0.753 0.9041291046
0.7525 0.9013241577
0.752 0.8984679413
0.7515 0.8954642487
0.751 0.8923681641
0.7505 0.8892164612
0.75 0.8855335236
0.7495 0.8818977356
0.749 0.8784104156
0.7485 0.8744998169
0.748 0.870401001
0.7475 0.8664629364
0.747 0.8620940399
0.7465 0.8577176666
0.746 0.8529486084
0.7455 0.8481453705
0.745 0.8434408569
0.7445 0.8381913757
0.744 0.8326166534
0.7435 0.8273176575
0.743 0.8214981079
0.7425 0.8157289886
0.742 0.8092980957
0.7415 0.8030736542
0.741 0.7963883972
0.7405 0.7892424774
0.74 0.7821619415
0.7395 0.7754022217
0.739 0.7674575806
0.7385 0.7594847107
0.738 0.7518386841
0.7375 0.7432386017
0.737 0.7347489929
0.7365 0.7256177521
0.736 0.7169330597
0.7355 0.7074219513
0.735 0.6975546265
0.7345 0.6877685547
0.734 0.6776369476
0.7335 0.6668480682
0.733 0.6565338135
0.7325 0.6456040955
0.732 0.6341235733
0.7315 0.6229380798
0.731 0.6109535217
0.7305 0.5989681625
0.73 0.58689785
0.7295 0.5744122314
0.729 0.561832428
0.7285 0.5485053635
0.728 0.5353276062
0.7275 0.5223870087
0.727 0.5087063217
0.7265 0.4951576233
0.726 0.4812560272
0.7255 0.4670105362
0.725 0.4531448364
0.7245 0.4382815933
0.724 0.4240659332
0.7235 0.4098675919
0.723 0.395058136
0.7225 0.3806245804
0.722 0.3660750961
0.7215 0.3513695145
0.721 0.337257576
0.7205 0.3224968338
0.72 0.3080763817
0.7195 0.2939734459
0.719 0.2793876457
0.7185 0.2654200172
0.718 0.2517396545
0.7175 0.2378719521
0.717 0.2247155571
0.7165 0.2113464165
0.716 0.1982405663
0.7155 0.1859403229
0.715 0.1733346367
0.7145 0.1615600586
0.714 0.1502941418
0.7135 0.139193058
0.713 0.1286541843
0.7125 0.1182491684
0.712 0.1084534264
0.7115 0.09933843613
0.711 0.09032663345
0.7105 0.08209942818
0.71 0.07440625668
0.7095 0.06692111492
0.709 0.06009550095
0.7085 0.05369905472
0.708 0.04775942326
0.7075 0.04241205215
0.707 0.03725657225
0.7065 0.0326743269
0.706 0.02847261429
0.7055 0.0246821022
0.705 0.02130756617
0.7045 0.01827941298
0.704 0.01560429454
0.7035 0.01326117635
0.703 0.01110278487
0.7025 0.00930924594
0.702 0.00776228607
0.7015 0.00638362467
0.701 0.00526497603
0.7005 0.00426598907
0.7 0.00345059753
0.6995 0.00278632492
0.699 0.00220261231
0.6985 0.00173957825
0.698 0.0013595143
0.6975 0.00106452577
0.697 0.0008030875
0.6965 0.00060684089
0.696 0.00047881432
0.6955 0.00035333447
0.695 0.00024696223
0.6945 0.00018843642
0.694 0.00013984771
0.6935 9.487019e-05
0.693 7.481222e-05
0.6925 4.189591e-05
0.692 4.088956e-05
0.6915 2.453222e-05
0.691 8.19991e-06
0.6905 3.56267e-06
0.69 2.39569e-06
0.6895 1.27046e-06
0.689 4.27643e-06
0.6885 2.57751e-06
0.688 -1.33664e-06
0.6875 2.5e-07
0.687 4.78e-07
0.6865 -1.635886e-05
0.686 4.14e-07
0.6855 -2.029648e-05
0.685 2.35118e-06
0.6845 3.87516e-06
0.684 -4.39998e-06
0.6835 -6.8222e-06
0.683 7.67646e-06
0.6825 4.47614e-06
0.682 -3.87711e-06
0.6815 9.11298e-06
0.681 -5.93783e-06
0.6805 -1.230262e-05
0.68 -6.84e-07
0.6795 4.38165e-06
0.679 -5.37278e-06
0.6785 -6.39902e-06
0.678 -2.76532e-06
0.6775 -5.74999e-06
0.677 -1.43296e-05
0.6765 7.00692e-06
0.676 -9.45021e-06
0.6755 -4.49897e-06
0.675 -1.143297e-05
0.6745 -4.44922e-06
0.674 1.311832e-05
0.6735 -1.363582e-05
0.673 5.1567e-06
0.6725 1.60679e-06
0.672 -1.012537e-05
0.6715 8.5841e-06
0.671 -1.49668e-06
0.6705 -1.393079e-05
0.67 -1.52078e-06
0.6695 -5.83881e-06
0.669 7.12677e-06
0.6685 9.02e-07
0.668 4.65e-07
0.6675 9.87356e-06
0.667 -1.017495e-05
0.6665 -5.16576e-06
0.666 1.12465e-06
0.6655 -1.899023e-05
0.665 -6.21033e-06
0.6645 -5.2217e-06
0.664 -3.5804e-06
0.6635 -4.63111e-06
0.663 3.05983e-06
0.6625 6.23024e-06
0.662 -1.01939e-06
0.6615 -1.335905e-05
0.661 -1.86467e-06
0.6605 -1.079961e-05
0.66 -1.531652e-05
0.6595 1.74554e-06
0.659 -9.94398e-06
0.6585 -4.34816e-06
0.658 -7.44409e-06
0.6575 -3.1238e-06
0.657 -1.291254e-05
0.6565 -1.194403e-05
0.656 2.06015e-06
0.6555 -1.750869e-05
0.655 -8.68469e-06
0.6545 -1.248297e-05
0.654 -4.23443e-06
0.6535 1.23066e-06
0.653 -6.06e-07
0.6525 1.239423e-05
0.652 -1.717116e-05
0.6515 -2.645421e-05
0.651 -9.27303e-06
0.6505 -4.4142e-06
0.65 1.71137e-06
0.6495 -2.02e-07
0.649 -6.07086e-06
0.6485 -1.979888e-05
0.648 -6.41e-07
0.6475 6.79e-08
0.647 -1.846879e-05
0.6465 1.92206e-06
0.646 -4.93182e-06
0.6455 6e-07
0.645 2.67113e-06
0.6445 9.53528e-06
0.644 1.227782e-05
0.6435 -7.61e-07
0.643 5.98e-07
0.6425 -1.180476e-05
0.642 8.12392e-06
0.6415 -2.9418e-06
0.641 -7.84273e-06
0.6405 6.66707e-06
0.64 3.64e-07
0.6395 7.29552e-06
0.639 1.64064e-06
0.6385 -5.48115e-06
0.638 2.559806e-05
0.6375 -2.84579e-06
0.637 -1.512454e-05
0.6365 -8.81768e-06
0.636 -5.34471e-06
0.6355 -1.130705e-05
0.635 5.38868e-06
0.6345 4.58237e-06
0.634 7.95e-07
0.6335 -1.051672e-05
0.633 -3.16994e-06
0.6325 -6.39052e-06
0.632 -8.04024e-06
0.6315 -1.68904e-06
0.631 -6.90031e-06
0.6305 2.75e-07
0.63 -1.014898e-05
0.6295 -1.105829e-05
0.629 6.69216e-06
0.6285 6.34e-07
0.628 -4.74126e-06
0.6275 -1.25757e-06
0.627 -1.229237e-05
0.6265 -6.6623e-06
0.626 -3.86845e-06
0.6255 4.04451e-06
0.625 -1.059472e-05
0.6245 -9.95365e-06
0.624 2.5e-07
0.6235 -1.820909e-05
0.623 -1.680516e-05
0.6225 -1.094928e-05
0.622 2.34971e-06
0.6215 1.16e-07
0.621 -9.53111e-06
0.6205 -2.11242e-06
0.62 -5.06311e-06
0.6195 -2.81284e-06
0.619 3.87285e-06
0.6185 5.37468e-06
0.618 -1.740443e-05
0.6175 -1.729263e-05
0.617 -6.93707e-06
0.6165 -1.266438e-05
0.616 4.86363e-06
0.6155 1.141187e-05
0.615 4.98722e-06
0.6145 -4.20928e-06
0.614 -5.49263e-06
0.6135 -7.45721e-06
0.613 -1.776982e-05
0.6125 -7.12189e-06
0.612 -1.245655e-05
0.6115 3.4925e-06
0.611 -5.90944e-06
0.6105 -1.312743e-05
0.61 1.79585e-06
0.6095 -1.134285e-05
0.609 6.63195e-06
0.6085 1.69956e-06
0.608 1.374678e-05
0.6075 4.19289e-06
0.607 -1.067099e-05
0.6065 1.380618e-05
0.606 -1.503526e-05
0.6055 -1.086272e-05
0.605 -5.42497e-06
0.6045 -1.063919e-05
0.604 -5.27201e-06
0.6035 -1.182298e-05
0.603 -1.311032e-05
0.6025 -1.047325e-05
0.602 -5.88641e-06
0.6015 -1.451865e-05
0.601 3.93527e-06
0.6005 -7.75e-07
0.6 1.13479e-06
0.5995 3.72743e-06
0.599 -4.41e-07
0.5985 7.75e-07
0.598 -9.07121e-06
0.5975 -9.65e-07
0.597 -2.810497e-05
0.5965 -2.152425e-05
0.596 3.42596e-06
0.5955 -1.525586e-05
0.595 -1.48948e-06
0.5945 -4.19934e-06
0.594 4.57e-07
0.5935 -5.78519e-06
0.593 -5.45402e-06
0.5925 -1.27082e-05
0.592 1.69099e-06
0.5915 6.70148e-06
0.591 1.054557e-05
0.5905 -8.74724e-06
0.59 8.9611e-06
0.5895 -7.31e-07
0.589 7.61468e-06
0.5885 1.35951e-06
0.588 -9.00477e-06
0.5875 -1.76877e-05
0.587 -8.48236e-06
0.5865 -7.07e-07
0.586 -4.97747e-06
0.5855 4.45739e-06
0.585 -1.784855e-05
0.5845 -2.67526e-06
0.584 -3.76959e-06
0.5835 -2.01093e-06
0.583 1.90141e-06
0.5825 -2.144218e-05
0.582 -6.14429e-06
0.5815 -3.53816e-06
0.581 -1.03581e-06
0.5805 -2.7752e-06
0.58 3.74473e-06
0.5795 1.063893e-05
0.579 1.000864e-05
0.5785 -2.6292e-06
0.578 -1.183942e-05
0.5775 -1.368876e-05
0.577 -3.47684e-06
0.5765 -9.2e-07
0.576 -1.438428e-05
0.5755 9.29e-07
0.575 -1.202871e-05
0.5745 1.049633e-05
0.574 -2.76819e-06
0.5735 -1.984065e-05
0.573 -8.41037e-06
0.5725 -1.382291e-05
0.572 -1.782452e-05
0.5715 -2.716915e-05
0.571 -1.534736e-05
0.5705 -1.309404e-05
0.57 -1.310537e-05
0.5695 -1.187317e-05
0.569 -1.337758e-05
0.5685 -5.49744e-06
0.568 -4.56e-07
0.5675 -1.547354e-05
0.567 -6.64244e-06
0.5665 -7.26e-07
0.566 -1.364834e-05
0.5655 -7.6477e-06
0.565 -7.66165e-06
0.5645 -4.61499e-06
0.564 9.79228e-06
0.5635 6.79237e-06
0.563 6.05807e-06
0.5625 9.08e-06
0.562 6.2e-08
0.5615 3.8228e-06
0.561 1.134061e-05
0.5605 -1.121758e-05
0.56 -1.4438e-06
0.5595 -2.70368e-05
0.559 7.57343e-06
0.5585 -9.74834e-06
0.558 -5.99436e-06
0.5575 -1.35474e-05
0.557 1.52368e-06
0.5565 1.51423e-06
0.556 1.283534e-05
0.5555 -1.664314e-05
0.555 -3.04906e-06
0.5545 -7.93e-07
0.554 -1.56461e-06
0.5535 -9.91356e-06
0.553 -1.372212e-05
0.5525 -2.512608e-05
0.552 -9.43e-08
0.5515 -1.06e-07
0.551 -3.15809e-06
0.5505 -8.49809e-06
0.55 -8.52004e-06
0.5495 -6.25401e-06
0.549 5.93896e-06
0.5485 1.432959e-05
0.548 -9.48e-07
0.5475 -5.53091e-06
0.547 4.40266e-06
0.5465 7.46458e-06
0.546 1.43373e-05
0.5455 2.18336e-06
0.545 -1.213642e-05
0.5445 -1.45349e-06
0.544 1.287848e-05
0.5435 -2.73897e-06
0.543 1.79781e-06
0.5425 -9.22951e-06
0.542 -1.356012e-05
0.5415 -6.13357e-06
0.541 1.076915e-05
0.5405 -6.75066e-06
0.54 -1.034523e-05
0.5395 -2.29069e-06
0.539 -1.024064e-05
0.5385 3.57803e-06
0.538 -2.91599e-06
0.5375 -4.33116e-06
0.537 -2.1385e-06
0.5365 1.158257e-05
0.536 -2.08704e-06
0.5355 8.11e-07
0.535 1.09e-07
0.5345 5.86649e-06
0.534 1.575e-06
0.5335 -1.560389e-05
0.533 -8.41933e-06
0.5325 4.47066e-06
0.532 4.47813e-06
0.5315 -1.051357e-05
0.531 1.020514e-05
0.5305 8.07041e-06
0.53 8.0726e-06
0.5295 -2.60901e-06
0.529 -6.87538e-06
0.5285 3.81395e-06
0.528 -6.86055e-06
0.5275 9.76e-07
0.527 -4.70975e-06
0.5265 -8.25875e-06
0.526 -4.35e-07
0.5255 -1.67811e-05
0.525 5.96661e-06
0.5245 -3.98101e-06
0.524 -1.13342e-06
0.5235 7.3925e-06
0.523 5.97218e-06
0.5225 -1.84063e-06
0.522 -1.108203e-05
0.5215 5.2605e-06
0.521 2.41648e-06
0.5205 -3.27027e-06
0.52 -7.53376e-06
0.5195 -1.322546e-05
0.519 -3.27877e-06
0.5185 2.73e-07
0.518 3.82336e-06
0.5175 -2.58318e-06
0.517 -1.16339e-06
0.5165 -2.59338e-06
0.516 -4.02014e-06
0.5155 9.49999e-06
0.515 5.22198e-06
0.5145 1.519421e-05
0.514 8.77781e-06
0.5135 9.3e-07
0.513 -9.06567e-06
0.5125 -1.22529e-06
0.512 -1.23334e-06
0.5115 3.76066e-06
0.511 -2.67879e-06
0.5105 -9.83541e-06
0.51 -1.343088e-05
0.5095 7.31096e-06
0.509 -5.72e-07
0.5085 -7.03307e-06
0.508 -1.30963e-06
0.5075 -7.06097e-06
0.507 5.84344e-06
0.5065 -1.428177e-05
0.506 1.445366e-05
0.5055 -1.432754e-05
0.505 -7.87034e-06
0.5045 -6.85e-07
0.504 -2.14337e-06
0.5035 -1.154126e-05
0.503 7.21744e-06
0.5025 -7.25085e-06
0.502 -2.20795e-06
0.5015 -1.50109e-06
0.501 5.00652e-06
0.5005 5.71926e-06
0.5 7.88942e-06
0.4995 -2.29349e-06
0.499 -3.77053e-06
0.4985 -2.33731e-06
0.498 -9.64908e-06
0.4975 5.65172e-06
0.497 -1.043482e-05
0.4965 3.4311e-06
0.496 -1.562386e-05
0.4955 4.86506e-06
0.495 -1.056071e-05
0.4945 -1.499307e-05
0.494 -3.3e-07
0.4935 -9.92435e-06
0.493 1.1016e-06
0.4925 -7.77382e-06
0.492 -4.84524e-06
0.4915 -3.39501e-06
0.491 -2.6862e-06
0.4905 2.48792e-06
0.49 -1.98606e-06
0.4895 -5.74114e-06
0.489 1.67962e-06
0.4885 -5.8e-07
0.488 -1.181913e-05
0.4875 -8.86651e-06
0.487 7.58407e-06
0.4865 6.8213e-06
0.486 1.131411e-05
0.4855 -1.503868e-05
0.485 -1.51733e-06
0.4845 -3.0536e-06
0.484 3.72001e-06
0.4835 -1.59919e-05
0.483 9.74426e-06
0.4825 -4.70111e-06
0.482 -1.71e-07
0.4815 -9.57e-07
0.481 -2.24e-07
0.4805 -6.37097e-06
0.48 1.225569e-05
0.4795 -1.65099e-05
0.479 1.727995e-05
0.4785 -8.68953e-06
0.478 3.5524e-06
0.4775 2.81009e-06
0.477 -6.63172e-06
0.4765 1.31407e-06
0.476 8.5561e-06
0.4755 2.018499e-05
0.475 2.69668e-06
0.4745 4.13519e-06
0.474 -1.85478e-05
0.4735 -6.15231e-06
0.473 -1.059016e-05
0.4725 2.58781e-06
0.472 -6.99318e-06
0.4715 5.48854e-06
0.471 1.78234e-06
0.4705 -1.300149e-05
0.47 2.6e-07
0.4695 -7.90605e-06
0.469 -1.017291e-05
0.4685 9.27e-07
0.468 2.3925e-06
0.4675 1.428388e-05
0.467 5.33099e-06
0.4665 -3.65027e-06
0.466 5.29243e-06
0.4655 -2.243507e-05
0.465 -1.424199e-05
0.4645 -4.52234e-06
0.464 -7.56444e-06
0.4635 4.45146e-06
0.463 2.17138e-06
0.4625 -1.16e-07
0.462 -3.17075e-06
0.4615 -9.28e-07
0.461 -3.9904e-06
0.4605 7.37091e-06
0.46 -1.92677e-06
0.4595 -7.10825e-06
0.459 -6.43561e-06
0.4585 -1.65e-08
0.458 -7.68e-07
0.4575 -8.03e-08
0.457 2.05486e-06
0.4565 7.80097e-06
0.456 1.99552e-06
0.4555 -1.10783e-05
0.455 -2.129443e-05
0.4545 -1.72869e-06
0.454 -1.03844e-06
0.4535 1.11103e-06
0.453 -1.28296e-05
0.4525 -2.62665e-06
0.452 -4.14435e-06
0.4515 1.69877e-06
0.451 1.052451e-05
0.4505 -7.26322e-06
0.45 -1.549445e-05
0.4495 -1.185925e-05
0.449 1.567526e-05
0.4485 -6.04086e-06
0.448 -3.10629e-06
0.4475 2.10193e-06
0.447 -8.52044e-06
0.4465 -4.52e-07
0.446 1.141779e-05
0.4455 -3.58e-08
0.445 5.63527e-06
0.4445 -1.169165e-05
0.444 -9.63829e-06
0.4435 -1.193111e-05
0.443 1.273503e-05
0.4425 5.39196e-06
0.442 9.01773e-06
0.4415 3.06439e-06
0.441 2.9973e-06
0.4405 2.92375e-06
0.44 -1.5e-07
0.4395 1.707769e-05
0.439 5.83048e-06
0.4385 2.24008e-06
0.438 -1.39585e-06
0.4375 2.77469e-06
0.437 -1.670519e-05
0.4365 -2.46537e-06
0.436 -5.50284e-06
0.4355 -5.65405e-06
0.435 4.51873e-06
0.4345 7.13e-07
0.434 -8.39261e-06
0.4335 -2.62947e-06
0.433 -2.273003e-05
0.4325 2.70892e-06
0.432 5.48047e-06
0.4315 -8.42769e-06
0.431 2.35709e-06
0.4305 -2.216907e-05
0.43 -1.3e-07
0.4295 -9.17535e-06
0.429 5.62567e-06
0.4285 -3.79762e-06
0.428 3.46e-07
0.4275 -1.369964e-05
0.427 8.87659e-06
0.4265 7.30734e-06
0.426 -4.83201e-06
0.4255 2.04784e-06
0.425 -3.13185e-06
0.4245 2.45044e-06
0.424 -3.57974e-06
0.4235 1.38132e-06
0.423 -6.20971e-06
0.4225 -1.062479e-05
0.422 -1.238879e-05
0.4215 -2.796117e-05
0.421 -1.238457e-05
0.4205 -1.572313e-05
0.42 -5.53687e-06
0.4195 -1.566465e-05
0.419 -8.19986e-06
0.4185 8.18786e-06
0.418 3.65686e-06
0.4175 -6.12758e-06
0.417 -5.64647e-06
0.4165 1.89628e-06
0.416 -6.25338e-06
0.4155 -6.56024e-06
0.415 6.49338e-06
0.4145 -8.48247e-06
0.414 4.10944e-06
0.4135 6.09601e-06
0.413 3.77974e-06
0.4125 -3.01487e-06
0.412 -4.66977e-06
0.4115 7.32e-07
0.411 1.23536e-06
0.4105 3.19539e-06
0.41 -7.86005e-06
0.4095 -7.43357e-06
0.409 -7.52291e-06
0.4085 4.91698e-06
0.408 5.38e-07
0.4075 -8.93178e-06
0.407 1.6021e-06
0.4065 1.42803e-06
0.406 -1.46993e-06
0.4055 7.72308e-06
0.405 -9.88871e-06
0.4045 4.43e-07
0.404 -6.1761e-06
0.4035 -6.26e-07
0.403 -8.85852e-06
0.4025 -4.58855e-06
0.402 4.26461e-06
0.4015 -8.40527e-06
0.401 -1.61219e-06
0.4005 -1.387492e-05
0.4 1.740964e-05
0.3995 -7.95255e-06
0.399 -1.60025e-06
0.3985 6.03174e-06
0.398 -1.01634e-05
0.3975 1.385989e-05
0.397 1.24296e-06
0.3965 -2.42558e-06
0.396 -7.58003e-06
0.3955 2.98513e-06
0.395 2.14235e-06
0.3945 -6.02214e-06
0.394 -1.3104e-05
0.3935 -4.6836e-06
0.393 2.05507e-06
0.3925 -8.56e-07
0.392 1.11336e-06
0.3915 2.83e-07
0.391 4.43768e-06
0.3905 -6.44461e-06
0.39 -8.07496e-06
0.3895 -6.61388e-06
0.389 -1.81638e-05
0.3885 -1.020537e-05
0.388 8.91888e-06
0.3875 3.30839e-06
0.387 -6.59011e-06
0.3865 -8.86333e-06
0.386 -1.187556e-05
0.3855 -6.46e-07
0.385 -2.20256e-06
0.3845 -3.0527e-06
0.384 8.7748e-06
0.3835 -1.14326e-06
0.383 -3.3041e-06
0.3825 -1.37555e-06
0.382 6.08785e-06
0.3815 -1.61197e-06
0.381 -7.3105e-06
0.3805 -6.75612e-06
0.38 1.430242e-05
0.3795 -4.21352e-06
0.379 -4.34357e-06
0.3785 -1.52e-07
0.378 -2.35242e-06
0.3775 -1.06221e-06
0.377 8.26063e-06
0.3765 -4.68376e-06
0.376 9.51865e-06
0.3755 -1.43e-07
0.375 -7.16644e-06
0.3745 -1.080569e-05
0.374 2.33046e-06
0.3735 -4.11895e-06
0.373 -9.93757e-06
0.3725 9.90484e-06
0.372 -2.18e-07
0.3715 -1.635863e-05
0.371 4.85366e-06
0.3705 -6.7362e-06
0.37 -8.2e-08
0.3695 1.17246e-06
0.369 2.44776e-06
0.3685 -9.48697e-06
0.368 -6.17715e-06
0.3675 -7.75077e-06
0.367 -1.53166e-06
0.3665 -5.78811e-06
0.366 1.54528e-06
0.3655 3.44546e-06
0.365 8.0854e-06
0.3645 3.92467e-06
0.364 -9.9479e-06
0.3635 -8.08555e-06
0.363 -2.69644e-06
0.3625 -1.275168e-05
0.362 -4.45715e-06
0.3615 -3.81976e-06
0.361 -4.57625e-06
0.3605 -1.40633e-06
0.36 1.138558e-05
0.3595 -1.280808e-05
0.359 8.48967e-06
0.3585 9.11043e-06
0.358 9.29945e-06
0.3575 -4.48977e-06
0.357 -7.44335e-06
0.3565 -9.35e-07
0.356 -1.16391e-06
0.3555 6.30974e-06
0.355 -9.81373e-06
0.3545 -1.251025e-05
0.354 -2.14593e-06
0.3535 -1.06654e-06
0.353 2.14345e-06
0.3525 5.4592e-06
0.352 -4.68698e-06
0.3515 -1.914064e-05
0.351 -3.92643e-06
0.3505 2.026361e-05
0.35 -5.17774e-06
0.3495 -2.05768e-06
0.349 -1.373636e-05
0.3485 1.72e-07
0.348 1.468052e-05
0.3475 -4.82529e-06
0.347 -6.69531e-06
0.3465 3.35644e-06
0.346 -3.99e-07
0.3455 -9.14597e-06
0.345 -7.86456e-06
0.3445 8.40468e-06
0.344 1.090274e-05
0.3435 -6.46651e-06
0.343 -1.198136e-05
0.3425 3.5261e-06
0.342 -3.21207e-06
0.3415 3.57359e-06
0.341 -3.122e-06
0.3405 -3.07048e-06
0.34 -2.064947e-05
0.3395 5.5103e-06
0.339 -4.86839e-06
0.3385 -1.234202e-05
0.338 7.6028e-06
0.3375 -3.60723e-06
0.337 -1.147575e-05
0.3365 -1.181124e-05
0.336 -3.6137e-06
0.3355 -1.107833e-05
0.335 6.79737e-06
0.3345 -2.04974e-06
0.334 -6.9087e-06
0.3335 -1.040497e-05
0.333 -7.63564e-06
0.3325 -5.54085e-06
0.332 -3.62341e-06
0.3315 1.45238e-05
0.331 3.05145e-06
0.3305 -2.469e-06
0.33 3.96101e-06
0.3295 -3.89291e-06
0.329 -8.5201e-06
0.3285 -2.943e-06
0.328 -1.373442e-05
0.3275 -5.12614e-06
0.327 -1.11736e-06
0.3265 -4.61203e-06
0.326 2.33896e-06
0.3255 4.29669e-06
0.325 -2.22404e-06
0.3245 7.4598e-06
0.324 -2.56587e-06
0.3235 -5.49309e-06
0.323 2.15766e-06
0.3225 -6.84318e-06
0.322 -1.081406e-05
0.3215 -6.00001e-06
0.321 -4.10956e-06
0.3205 -8.34005e-06
0.32 -4.31189e-06
0.3195 -2.23673e-06
0.319 -1.001235e-05
0.3185 -4.87811e-06
0.318 9.50023e-06
0.3175 -7.41999e-06
0.317 -1.481255e-05
0.3165 -6.30571e-06
0.316 -5.44711e-06
0.3155 -4.61514e-06
0.315 -4.41e-06
0.3145 -1.145457e-05
0.314 7.64878e-06
0.3135 -3.49432e-06
0.313 -1.32e-07
0.3125 -5.64458e-06
0.312 7.01135e-06
0.3115 -1.080194e-05
0.311 -3.84603e-06
0.3105 -9.72643e-06
0.31 6.10104e-06
0.3095 -2.73964e-06
0.309 -2.84186e-06
0.3085 -1.159234e-05
0.308 6.16e-07
0.3075 -1.36253e-05
0.307 -1.028595e-05
0.3065 4.66566e-06
0.306 -1.472121e-05
0.3055 3.6438e-06
0.305 -3.59672e-06
0.3045 -1.328557e-05
0.304 4.05e-07
0.3035 -1.401638e-05
0.303 -5.6e-07
0.3025 -5.36454e-06
0.302 1.60438e-06
0.3015 -1.89015e-06
0.301 5.73378e-06
0.3005 4.15275e-06
0.3 -1.4206e-05
0.2995 -2.50211e-06
0.299 -1.098559e-05
0.2985 1.64021e-06
0.298 -1.513597e-05
0.2975 5.82983e-06
0.297 -5.93057e-06
0.2965 -3.10788e-06
0.296 -3.54e-07
0.2955 -9.30543e-06
0.295 -9.92e-08
0.2945 6.15738e-06
0.294 -1.023667e-05
0.2935 -7.33729e-06
0.293 4.73042e-06
0.2925 -6.65852e-06
0.292 2.75157e-06
0.2915 7.53592e-06
0.291 3.85766e-06
0.2905 2.95e-07
0.29 -6.24037e-06
0.2895 3.93809e-06
0.289 -9.33159e-06
0.2885 -7.0564e-06
0.288 -1.112994e-05
0.2875 1.22197e-05
0.287 -4.87129e-06
0.2865 9.01e-07
0.286 -5.29406e-06
0.2855 3.26243e-06
0.285 -7.23704e-06
0.2845 -4.45268e-06
0.284 -8.45891e-06
0.2835 -7.21748e-06
0.283 1.150917e-05
0.2825 -6.93084e-06
0.282 -7.28595e-06
0.2815 -1.073925e-05
0.281 -1.287086e-05
0.2805 -9.25648e-06
0.28 1.73084e-06
0.2795 1.608105e-05
0.279 1.39983e-06
0.2785 1.608229e-05
0.278 -7.9e-07
0.2775 -1.546018e-05
0.277 -1.7203e-06
0.2765 -1.275866e-05
0.276 -7.93212e-06
0.2755 -8.34731e-06
0.275 -1.387055e-05
0.2745 -9.7932e-06
0.274 -5.80658e-06
0.2735 -8.09357e-06
0.273 -1.069858e-05
0.2725 -8.20378e-06
0.272 1.358602e-05
0.2715 -1.93919e-06
0.271 -1.655656e-05
0.2705 -3.52871e-06
0.27 -2.03963e-05
0.2695 -8.81634e-06
0.269 -3.01283e-06
0.2685 -2.92212e-06
0.268 -9.42691e-06
0.2675 4.51859e-06
0.267 2.67633e-06
0.2665 -2.3411e-06
0.266 -1.36442e-05
0.2655 -1.591514e-05
0.265 -1.064261e-05
0.2645 1.245005e-05
0.264 -4.99427e-06
0.2635 -3.50876e-06
0.263 1.439256e-05
0.2625 1.506745e-05
0.262 -1.540594e-05
0.2615 2.20587e-06
0.261 -1.114856e-05
0.2605 -9.70601e-06
0.26 -5.79e-08
0.2595 -1.882591e-05
0.259 1.49951e-06
0.2585 6.39958e-06
0.258 3.78704e-06
0.2575 -8.09655e-06
0.257 1.284e-06
0.2565 7.03e-07
0.256 -7.07803e-06
0.2555 -1.284331e-05
0.255 -1.532568e-05
0.2545 -8.08361e-06
0.254 -1.123377e-05
0.2535 -9.87804e-06
0.253 -1.462e-06
0.2525 6.27475e-06
0.252 -6.53265e-06
0.2515 -1.227208e-05
0.251 -4.55997e-06
0.2505 -1.927149e-05
0.25 -4.67e-08
0.2495 5.72541e-06
0.249 -5.15254e-06
0.2485 -3.21545e-06
0.248 -2.047969e-05
0.2475 -9.56559e-06
0.247 -7.61282e-06
0.2465 -8.8402e-06
0.246 -2.289129e-05
0.2455 3.07634e-06
0.245 -3.70404e-06
0.2445 -1.65841e-05
0.244 -3.213697e-05
0.2435 -5.5982e-06
0.243 -1.233912e-05
0.2425 -2.83333e-06
0.242 6.65719e-06
0.2415 -9.60414e-06
0.241 -7.58518e-06
0.2405 5.985e-06
0.24 -7.62992e-06
0.2395 -1.52194e-06
0.239 -7.00986e-06
0.2385 -2.25846e-06
0.238 -8.47661e-06
0.2375 6.60709e-06
0.237 -7.24035e-06
0.2365 -8.71093e-06
0.236 -8.11692e-06
0.2355 -1.91219e-06
0.235 -1.679362e-05
0.2345 -5.63183e-06
0.234 -1.47842e-06
0.2335 -7.32503e-06
0.233 -1.037977e-05
0.2325 -6.2035e-06
0.232 3.17465e-06
0.2315 -1.025776e-05
0.231 4.46911e-06
0.2305 1.71869e-05
0.23 -6.27917e-06
0.2295 -1.39641e-06
0.229 -3.72959e-06
0.2285 -3.92805e-06
0.228 -1.003793e-05
0.2275 -3.62629e-06
0.227 -1.442598e-05
0.2265 -2.59479e-06
0.226 -9.32794e-06
0.2255 -5.29938e-06
0.225 -1.91434e-06
0.2245 -1.872401e-05
0.224 -1.776335e-05
0.2235 3.19091e-06
0.223 -2.36831e-06
0.2225 4.73745e-06
0.222 8.32153e-06
0.2215 -6.40285e-06
0.221 -7.4755e-06
0.2205 -1.17452e-05
0.22 -1.009007e-05
0.2195 -6.15e-07
0.219 8.56865e-06
0.2185 1.47481e-06
0.218 -8.90169e-06
0.2175 8.60037e-06
0.217 -1.553122e-05
0.2165 -2.18784e-06
0.216 -6.51966e-06
0.2155 -1.581298e-05
0.215 -1.007265e-05
0.2145 -3.73551e-06
0.214 -1.42175e-05
0.2135 -4.18673e-06
0.213 -3.34415e-06
0.2125 -3.1698e-06
0.212 -1.308665e-05
0.2115 -1.128356e-05
0.211 1.87977e-06
0.2105 -1.04957e-06
0.21 2.06557e-06
0.2095 -7.11209e-06
0.209 -1.563428e-05
0.2085 -5.42859e-06
0.208 4.8163e-06
0.2075 -8.42514e-06
0.207 -2.87981e-06
0.2065 1.039083e-05
0.206 -2.08181e-06
0.2055 -1.940163e-05
0.205 -1.405351e-05
0.2045 -4.72198e-06
0.204 4.00598e-06
0.2035 1.120919e-05
0.203 -1.247778e-05
0.2025 -1.235296e-05
0.202 -1.601758e-05
0.2015 3.94567e-06
0.201 4.26459e-06
0.2005 -9.16043e-06
0.2 2.94061e-06
