1.1 -6.644786e-05
1.0995 -8.31169e-05
1.099 -6.417301e-05
1.0985 -9.573722e-05
1.098 -6.094345e-05
1.0975 -8.833406e-05
1.097 -7.875998e-05
1.0965 -5.308532e-05
1.096 -6.802442e-05
1.0955 -8.111855e-05
1.095 -8.93374e-05
1.0945 -7.946539e-05
1.094 -5.854062e-05
1.0935 -7.874249e-05
1.093 -0.0001248516
1.0925 -5.290056e-05
1.092 -3.620967e-05
1.0915 -0.00010708981
1.091 -7.480899e-05
1.0905 -4.083633e-05
1.09 -6.201371e-05
1.0895 -9.552452e-05
1.089 -0.00010268018
1.0885 -6.641076e-05
1.088 -6.971528e-05
1.0875 -5.967542e-05
1.087 -0.00010800097
1.0865 -9.031156e-05
1.086 -7.240553e-05
1.0855 -6.778466e-05
1.085 -9.184732e-05
1.0845 -8.572051e-05
1.084 -6.255811e-05
1.0835 -7.96909e-05
1.083 -0.00011250393
1.0825 -8.646823e-05
1.082 -6.014716e-05
1.0815 -0.0001079971
1.081 -8.160551e-05
1.0805 -8.427473e-05
1.08 -9.528859e-05
1.0795 -0.00010689792
1.079 -7.610621e-05
1.0785 -7.000909e-05
1.078 -8.454534e-05
1.0775 -5.122413e-05
1.077 -8.321971e-05
1.0765 -5.929399e-05
1.076 -9.434692e-05
1.0755 -8.608068e-05
1.075 -5.047097e-05
1.0745 -6.572479e-05
1.074 -6.208377e-05
1.0735 -7.939166e-05
1.073 -8.244216e-05
1.0725 -8.810779e-05
1.072 -6.524027e-05
1.0715 -8.91829e-05
1.071 -0.0001030169
1.0705 -8.508365e-05
1.07 -5.603975e-05
1.0695 -5.833e-05
1.069 -8.940874e-05
1.0685 -6.733536e-05
1.068 -6.55586e-05
1.0675 -7.43297e-05
1.067 -5.873767e-05
1.0665 -6.245662e-05
1.066 -5.127218e-05
1.0655 -6.892105e-05
1.065 -0.00011147342
1.0645 -4.94735e-05
1.064 -5.974715e-05
1.0635 -9.644096e-05
1.063 -7.818619e-05
1.0625 -5.321954e-05
1.062 -9.823845e-05
1.0615 -6.644228e-05
1.061 -6.36757e-05
1.0605 -8.804103e-05
1.06 -6.558644e-05
1.0595 -7.873706e-05
1.059 -6.315053e-05
1.0585 -8.6678e-05
1.058 -7.201618e-05
1.0575 -8.146935e-05
1.057 -6.687612e-05
1.0565 -6.454037e-05
1.056 -6.130725e-05
1.0555 -9.151305e-05
1.055 -8.592765e-05
1.0545 -6.46341e-05
1.054 -3.004443e-05
1.0535 -4.71063e-05
1.053 -5.107487e-05
1.0525 -9.877063e-05
1.052 -7.405228e-05
1.0515 -8.072221e-05
1.051 -8.272069e-05
1.0505 -3.316539e-05
1.05 -7.230531e-05
1.0495 -8.397364e-05
1.049 -4.609248e-05
1.0485 -8.493506e-05
1.048 -6.360747e-05
1.0475 -6.054848e-05
1.047 -4.736454e-05
1.0465 -5.820927e-05
1.046 -3.006325e-05
1.0455 -4.633522e-05
1.045 -0.00010532386
1.0445 -7.650189e-05
1.044 -5.019823e-05
1.0435 -4.726181e-05
1.043 -4.063987e-05
1.0425 -3.952818e-05
1.042 -4.502008e-05
1.0415 -4.624577e-05
1.041 -9.443816e-05
1.0405 -3.763195e-05
1.04 -3.538067e-05
1.0395 -6.237149e-05
1.039 -7.36633e-05
1.0385 -6.555435e-05
1.038 -3.592895e-05
1.0375 -5.218657e-05
1.037 -6.805185e-05
1.0365 -5.597286e-05
1.036 -5.950642e-05
1.0355 -9.915439e-05
1.035 -3.426651e-05
1.0345 -7.183901e-05
1.034 -9.335887e-05
1.0335 -4.468693e-05
1.033 -6.849082e-05
1.0325 -8.421093e-05
1.032 -3.583092e-05
1.0315 -5.076874e-05
1.031 -4.661249e-05
1.0305 -5.683691e-05
1.03 -6.364273e-05
1.0295 -6.098487e-05
1.029 -2.919267e-05
1.0285 -6.475169e-05
1.028 -4.355787e-05
1.0275 -2.711191e-05
1.027 -6.405994e-05
1.0265 -6.608324e-05
1.026 -8.836303e-05
1.0255 -3.991168e-05
1.025 -2.687119e-05
1.0245 -4.503952e-05
1.024 -5.89226e-05
1.0235 -4.666596e-05
1.023 -2.738415e-05
1.0225 -5.46286e-05
1.022 -1.822148e-05
1.0215 -7.551193e-05
1.021 -3.911446e-05
1.0205 -3.745149e-05
1.02 -4.958726e-05
1.0195 -5.058404e-05
1.019 -6.113675e-05
1.0185 -5.470643e-05
1.018 -2.148596e-05
1.0175 -4.872505e-05
1.017 -5.615711e-05
1.0165 2.17834e-05
1.016 -4.786057e-05
1.0155 -1.382488e-05
1.015 -1.236302e-05
1.0145 -1.87132e-05
1.014 -6.190454e-05
1.0135 -3.333516e-05
1.013 -3.224043e-05
1.0125 -3.433383e-05
1.012 -4.782011e-05
1.0115 -4.232799e-05
1.011 -4.38067e-06
1.0105 -2.510887e-05
1.01 -4.227196e-05
1.0095 -5.138611e-05
1.009 -2.829097e-05
1.0085 -5.24572e-05
1.008 5e-07
1.0075 -2.95453e-05
1.007 -4.568654e-05
1.0065 -3.35306e-05
1.006 4.59133e-06
1.0055 -4.508294e-05
1.005 -9.45451e-05
1.0045 3.506526e-05
1.004 2.254495e-05
1.0035 -6.079548e-05
1.003 -3.27136e-05
1.0025 -1.012673e-05
1.002 -1.730391e-05
1.0015 -1.592176e-05
1.001 1.050894e-05
1.0005 -2.92967e-05
1.0 -2.880837e-05
0.9995 -3.623759e-05
0.999 1.471073e-05
0.9985 -1.88508e-06
0.998 6.54483e-06
0.9975 -6.79838e-06
0.997 -1.016245e-05
0.9965 -3.395974e-05
0.996 1.655143e-05
0.9955 3.32036e-06
0.995 -2.754992e-05
0.9945 -8.91298e-06
0.994 1.904708e-05
0.9935 -3.83679e-06
0.993 -2.5651e-06
0.9925 7.04345e-06
0.992 6.5216e-06
0.9915 1.94711e-06
0.991 1.48678e-06
0.9905 1.21017e-06
0.99 6.52805e-06
0.9895 2.481311e-05
0.989 -4.19811e-06
0.9885 -1.436226e-05
0.988 5.605558e-05
0.9875 3.69184e-05
0.987 6.65e-07
0.9865 1.634996e-05
0.986 1.625006e-05
0.9855 7.13628e-06
0.985 6.36448e-05
0.9845 5.07562e-06
0.984 6.61284e-06
0.9835 1.855818e-05
0.983 3.865225e-05
0.9825 -1.788321e-05
0.982 4.360104e-05
0.9815 3.136715e-05
0.981 3.179208e-05
0.9805 2.322557e-05
0.98 1.701127e-05
0.9795 1.26509e-05
0.979 3.069493e-05
0.9785 1.56841e-05
0.978 3.830649e-05
0.9775 7.49597e-05
0.977 4.07949e-05
0.9765 2.389321e-05
0.976 2.531983e-05
0.9755 5.864797e-05
0.975 5.807925e-05
0.9745 3.291495e-05
0.974 6.703092e-05
0.9735 5.722155e-05
0.973 4.748306e-05
0.9725 8.214097e-05
0.972 9.198565e-05
0.9715 3.576805e-05
0.971 6.881985e-05
0.9705 7.38217e-05
0.97 9.702142e-05
0.9695 6.228568e-05
0.969 6.518492e-05
0.9685 9.205976e-05
0.968 6.681918e-05
0.9675 9.736842e-05
0.967 8.112165e-05
0.9665 0.00010534277
0.966 8.535645e-05
0.9655 7.195881e-05
0.965 0.00012332604
0.9645 6.797048e-05
0.964 0.00011369183
0.9635 0.00015103796
0.963 0.00014724003
0.9625 5.642874e-05
0.962 0.00011369999
0.9615 0.00012319496
0.961 0.00014595726
0.9605 7.849094e-05
0.96 0.00013472671
0.9595 0.00014959267
0.959 0.00013342577
0.9585 0.00011603197
0.958 0.0001153648
0.9575 0.00017289203
0.957 0.00015870528
0.9565 0.00014613613
0.956 0.00014685851
0.9555 0.00017246334
0.955 0.00015756302
0.9545 0.00016308084
0.954 0.00018558891
0.9535 0.00015815962
0.953 0.0001630697
0.9525 0.00020961249
0.952 0.00017199157
0.9515 0.00019151524
0.951 0.00019439675
0.9505 0.00021547407
0.95 0.00024246201
0.9495 0.00019668045
0.949 0.00024291232
0.9485 0.00023052473
0.948 0.00022577152
0.9475 0.00026162816
0.947 0.00021578964
0.9465 0.00020730412
0.946 0.00027327167
0.9455 0.00027968703
0.945 0.00023645718
0.9445 0.00030039379
0.944 0.00028869873
0.9435 0.0002826054
0.943 0.00029946288
0.9425 0.00028365659
0.942 0.00034205385
0.9415 0.00030016838
0.941 0.00028845411
0.9405 0.00030131938
0.94 0.00033728328
0.9395 0.00031672437
0.939 0.0003385691
0.9385 0.00034227621
0.938 0.00031055406
0.9375 0.00034657314
0.937 0.00037873954
0.9365 0.00037547503
0.936 0.0003503314
0.9355 0.00041334379
0.935 0.00044764254
0.9345 0.00040805213
0.934 0.00039903644
0.9335 0.00041862715
0.933 0.00040864669
0.9325 0.00044280246
0.932 0.00046812996
0.9315 0.00041397017
0.931 0.00044332106
0.9305 0.00046260938
0.93 0.00049570959
0.9295 0.0004653262
0.929 0.00049853127
0.9285 0.0005294814
0.928 0.00051496889
0.9275 0.00047359757
0.927 0.00055086993
0.9265 0.00055917777
0.926 0.00052821543
0.9255 0.00054063637
0.925 0.00057044491
0.9245 0.0006182678
0.924 0.00060880039
0.9235 0.00058038842
0.923 0.00063966982
0.9225 0.00064444833
0.922 0.00069005214
0.9215 0.00068719223
0.921 0.00064553022
0.9205 0.00070534468
0.92 0.00071458757
0.9195 0.0007248272
0.919 0.00071261168
0.9185 0.00073003672
0.918 0.00080283612
0.9175 0.00076126933
0.917 0.0007443849
0.9165 0.00077466026
0.916 0.00085175812
0.9155 0.00084045634
0.915 0.00085939378
0.9145 0.0008647792
0.914 0.00086871624
0.9135 0.00088286117
0.913 0.00091190673
0.9125 0.00093833365
0.912 0.00092800185
0.9115 0.00096199147
0.911 0.00098807752
0.9105 0.0009851484
0.91 0.00105106287
0.9095 0.00105920211
0.909 0.001051744
0.9085 0.00105223343
0.908 0.00110674053
0.9075 0.00110488594
0.907 0.0011050982
0.9065 0.00120997928
0.906 0.00119732462
0.9055 0.00118269898
0.905 0.00118972629
0.9045 0.00127441004
0.904 0.00126094028
0.9035 0.00129011482
0.903 0.00135981634
0.9025 0.00135968
0.902 0.00135797024
0.9015 0.00140303969
0.901 0.00141257763
0.9005 0.00146174252
0.9 0.00150336251
0.8995 0.0014980042
0.899 0.00166444674
0.8985 0.00162249282
0.898 0.00158144742
0.8975 0.00167617366
0.897 0.00173095971
0.8965 0.00187758699
0.896 0.00173004791
0.8955 0.00181364089
0.895 0.00187038705
0.8945 0.0018785958
0.894 0.00194626987
0.8935 0.00185954168
0.893 0.00193516359
0.8925 0.00193210527
0.892 0.00206997708
0.8915 0.00211994857
0.891 0.00212491229
0.8905 0.0021933727
0.89 0.00221451119
0.8895 0.00225194097
0.889 0.00226687804
0.8885 0.00226370126
0.888 0.00236184686
0.8875 0.00235858262
0.887 0.00248597398
0.8865 0.00253372252
0.886 0.00244682536
0.8855 0.00265037566
0.885 0.00268565834
0.8845 0.00260874361
0.884 0.00262776732
0.8835 0.00285300136
0.883 0.00292040318
0.8825 0.00280098289
0.882 0.00291478783
0.8815 0.00294894189
0.881 0.00297435224
0.8805 0.00306498647
0.88 0.0032203567
0.8795 0.00317047656
0.879 0.00327064157
0.8785 0.00334978521
0.878 0.00338001221
0.8775 0.00338490069
0.877 0.00355125815
0.8765 0.00361696482
0.876 0.00356276631
0.8755 0.0036518392
0.875 0.00368519872
0.8745 0.00386536628
0.874 0.00391568929
0.8735 0.0039504543
0.873 0.00397796452
0.8725 0.00416014761
0.872 0.00413392484
0.8715 0.00424991459
0.871 0.00423282117
0.8705 0.00443562627
0.87 0.00447733015
0.8695 0.00451874137
0.869 0.00462582618
0.8685 0.00473902434
0.868 0.00479871392
0.8675 0.00489229143
0.867 0.0049596104
0.8665 0.00497102976
0.866 0.00509566367
0.8655 0.00515064716
0.865 0.00529010117
0.8645 0.00532444596
0.864 0.00544631243
0.8635 0.0055436784
0.863 0.00570013881
0.8625 0.00580163598
0.862 0.00590946734
0.8615 0.00593853653
0.861 0.00607361019
0.8605 0.00622383595
0.86 0.00633621216
0.8595 0.00633819521
0.859 0.00648523986
0.8585 0.00666192055
0.858 0.00674193084
0.8575 0.00691860795
0.857 0.00695864618
0.8565 0.00712010562
0.856 0.00726727366
0.8555 0.007295205
0.855 0.0075097543
0.8545 0.00756821632
0.854 0.00772081792
0.8535 0.00789094091
0.853 0.00804484367
0.8525 0.00816359937
0.852 0.00826300383
0.8515 0.00843522251
0.851 0.00857972741
0.8505 0.00871280134
0.85 0.00886392891
0.8495 0.00898856878
0.849 0.00915217042
0.8485 0.00931131184
0.848 0.00947583258
0.8475 0.00959369898
0.847 0.00976187706
0.8465 0.01000983953
0.846 0.0101678288
0.8455 0.0103430748
0.845 0.01049699545
0.8445 0.01066802859
0.844 0.01087891936
0.8435 0.01105527282
0.843 0.01119348168
0.8425 0.01141161323
0.842 0.01162037849
0.8415 0.01175792336
0.841 0.0119754231
0.8405 0.01219933987
0.84 0.01235815644
0.8395 0.01262108564
0.839 0.01280770779
0.8385 0.01299987316
0.838 0.01323938012
0.8375 0.013444345
0.837 0.0136856544
0.8365 0.01391795993
0.836 0.01416508079
0.8355 0.01436257482
0.835 0.01459298849
0.8345 0.01483574748
0.834 0.0150622046
0.8335 0.01531827211
0.833 0.01556395292
0.8325 0.01586666346
0.832 0.01613011956
0.8315 0.01634745479
0.831 0.01662393093
0.8305 0.0168720758
0.83 0.01714938283
0.8295 0.01744044542
0.829 0.01775238872
0.8285 0.01801895738
0.828 0.01828208923
0.8275 0.01857931376
0.827 0.01888120532
0.8265 0.01916946292
0.826 0.01951212287
0.8255 0.0197860837
0.825 0.02013331175
0.8245 0.02042631626
0.824 0.02078814268
0.8235 0.02111610413
0.823 0.02144993544
0.8225 0.02178607941
0.822 0.02209285021
0.8215 0.02247499704
0.821 0.02285440922
0.8205 0.02318269253
0.82 0.02355578661
0.8195 0.02392809391
0.819 0.0242931509
0.8185 0.02469896078
0.818 0.02505060196
0.8175 0.02550011396
0.817 0.02586022854
0.8165 0.02629677296
0.816 0.02662563562
0.8155 0.027039814
0.815 0.02750311136
0.8145 0.02786447048
0.814 0.02836801052
0.8135 0.02879766941
0.813 0.0292171216
0.8125 0.02962970495
0.812 0.03010130167
0.8115 0.03056938648
0.811 0.03101713181
0.8105 0.03149567604
0.81 0.03199449539
0.8095 0.03246832609
0.809 0.03294178963
0.8085 0.03344003201
0.808 0.03394706249
0.8075 0.0344784379
0.807 0.03494179726
0.8065 0.0354633975
0.806 0.03601291656
0.8055 0.0365245986
0.805 0.03707906246
0.8045 0.03765206814
0.804 0.03819405556
0.8035 0.03876045704
0.803 0.03931582689
0.8025 0.03992783546
0.802 0.04048723698
0.8015 0.04109174252
0.801 0.04166172981
0.8005 0.04230490208
0.8 0.04289328575
0.7995 0.0435071516
0.799 0.04415102482
0.7985 0.04480400562
0.798 0.0454411602
0.7975 0.04610304356
0.797 0.04676230431
0.7965 0.04746290684
0.796 0.04810995102
0.7955 0.04879747868
0.795 0.0494959259
0.7945 0.05017571449
0.794 0.05085306168
0.7935 0.05157799721
0.793 0.0522914505
0.7925 0.05303369522
0.792 0.05381349087
0.7915 0.05459243298
0.791 0.05529330254
0.7905 0.05607940197
0.79 0.05686319351
0.7895 0.05763308525
0.789 0.05844631195
0.7885 0.0592880249
0.788 0.06006325245
0.7875 0.0608962965
0.787 0.06172382832
0.7865 0.0625070858
0.786 0.06340753078
0.7855 0.06423067093
0.785 0.06509381294
0.7845 0.06599505424
0.784 0.06685559273
0.7835 0.067772789
0.783 0.06872023582
0.7825 0.06964152336
0.782 0.07051271915
0.7815 0.07149074078
0.781 0.07241755009
0.7805 0.07332922459
0.78 0.07432169437
0.7795 0.07535172462
0.779 0.07632407665
0.7785 0.07732587337
0.778 0.07830749989
0.7775 0.07931352615
0.777 0.08033233643
0.7765 0.08139374733
0.776 0.08246926308
0.7755 0.08351226807
0.775 0.08463427544
0.7745 0.08566232681
0.774 0.08673642159
0.7735 0.08788534164
0.773 0.08896583557
0.7725 0.09011832237
0.772 0.09121102333
0.7715 0.09235590935
0.771 0.09352499962
0.7705 0.09461214066
0.77 0.09586526871
0.7695 0.09703978539
0.769 0.09822717667
0.7685 0.09949238777
0.768 0.1007327271
0.7675 0.1019219208
0.767 0.1031607437
0.7665 0.1043565273
0.766 0.1056355762
0.7655 0.1069190025
0.765 0.1081669521
0.7645 0.1095037556
0.764 0.1107942963
0.7635 0.1120703125
0.763 0.1134821129
0.7625 0.1147474384
0.762 0.1161260796
0.7615 0.1175001907
0.761 0.1188848495
0.7605 0.1202668095
0.76 0.1216876221
0.7595 0.1231053638
0.759 0.1245641041
0.7585 0.125967617
0.758 0.1273612499
0.7575 0.1288507843
0.757 0.1303202057
0.7565 0.131782608
0.756 0.1332648087
0.7555 0.1347558689
0.755 0.1362880516
0.7545 0.1377893829
0.754 0.1393303871
0.7535 0.1408002567
0.753 0.1423876286
0.7525 0.1439338779
0.752 0.1455235481
0.7515 0.147115593
0.751 0.1487565899
0.7505 0.1503066158
0.75 0.151918354
0.7495 0.1535926437
0.749 0.1551856232
0.7485 0.1568203831
0.748 0.1584822655
0.7475 0.1601377487
0.747 0.1618872833
0.7465 0.1635443687
0.746 0.1652858925
0.7455 0.1669521332
0.745 0.1687119675
0.7445 0.1703827286
0.744 0.1721018219
0.7435 0.173872776
0.743 0.175661602
0.7425 0.1773814201
0.742 0.1790969467
0.7415 0.1810042953
0.741 0.1828031158
0.7405 0.1845500374
0.74 0.1863807297
0.7395 0.1883092308
0.739 0.1900649261
0.7385 0.1918796349
0.738 0.1938879776
0.7375 0.1957912827
0.737 0.1975452805
0.7365 0.1995856476
0.736 0.2014351463
0.7355 0.203313446
0.735 0.2053005981
0.7345 0.2072376251
0.734 0.2091628456
0.7335 0.211158638
0.733 0.2131085587
0.7325 0.2150807571
0.732 0.217072773
0.7315 0.2189938354
0.731 0.2211213303
0.7305 0.2230462646
0.73 0.2251129532
0.7295 0.2271165085
0.729 0.2290930748
0.7285 0.2312833595
0.728 0.2333279228
0.7275 0.2352911186
0.727 0.237460537
0.7265 0.2395843887
0.726 0.2416856766
0.7255 0.2438427353
0.725 0.2459818649
0.7245 0.2481295013
0.724 0.2502902985
0.7235 0.2523441696
0.723 0.2546568489
0.7225 0.2567448235
0.722 0.2589850426
0.7215 0.2611871719
0.721 0.263301754
0.7205 0.2655051994
0.72 0.2678689575
0.7195 0.2699889183
0.719 0.2722860336
0.7185 0.2745341301
0.718 0.276910038
0.7175 0.2791544533
0.717 0.2813087082
0.7165 0.283663578
0.716 0.2861512566
0.7155 0.2883877182
0.715 0.2907637596
0.7145 0.2930206299
0.714 0.2955106544
0.7135 0.2979561043
0.713 0.3001971626
0.7125 0.3026708412
0.712 0.3050188637
0.7115 0.3074180412
0.711 0.3099447823
0.7105 0.3123464966
0.71 0.3147098351
0.7095 0.3171827507
0.709 0.3195403481
0.7085 0.3221118927
0.708 0.3245484924
0.7075 0.3270674133
0.707 0.3295179749
0.7065 0.3320860672
0.706 0.3344722366
0.7055 0.3371575928
0.705 0.3395766068
0.7045 0.3422634506
0.704 0.3447249603
0.7035 0.3473387146
0.703 0.3498455429
0.7025 0.352504921
0.702 0.3550396347
0.7015 0.3577380753
0.701 0.3602098465
0.7005 0.3628239059
0.7 0.3655055237
0.6995 0.3680360794
0.699 0.3707518768
0.6985 0.3732818604
0.698 0.375933342
0.6975 0.3786681747
0.697 0.3811877441
0.6965 0.3839216995
0.696 0.3866024399
0.6955 0.3892364502
0.695 0.3919721985
0.6945 0.3947066116
0.694 0.3973058319
0.6935 0.4001154709
0.693 0.4027168655
0.6925 0.4055739212
0.692 0.4082403946
0.6915 0.4109415817
0.691 0.4137291336
0.6905 0.4164644623
0.69 0.4192084122
0.6895 0.4219232178
0.689 0.4245966339
0.6885 0.4273532104
0.688 0.4300679779
0.6875 0.4327306747
0.687 0.4355319595
0.6865 0.4382623672
0.686 0.4409214783
0.6855 0.4436752701
0.685 0.4463775635
0.6845 0.4491598129
0.684 0.4520233536
0.6835 0.4546068954
0.683 0.4575318909
0.6825 0.4602395248
0.682 0.462923584
0.6815 0.4657181168
0.681 0.468348999
0.6805 0.4711907578
0.68 0.4738457489
0.6795 0.4766994858
0.679 0.4793523407
0.6785 0.4821964645
0.678 0.4846328354
0.6775 0.4873376083
0.677 0.4900761032
0.6765 0.4927126694
0.676 0.4954104614
0.6755 0.4980160141
0.675 0.5007619095
0.6745 0.5032997131
0.674 0.5058325958
0.6735 0.5085406494
0.673 0.5112384415
0.6725 0.5136862946
0.672 0.5163314438
0.6715 0.5187356949
0.671 0.5214332199
0.6705 0.5241033554
0.67 0.5263829041
0.6695 0.5291036987
0.669 0.5315185165
0.6685 0.5341349792
0.668 0.5365568924
0.6675 0.5388895416
0.667 0.5415691757
0.6665 0.5440632248
0.666 0.5465501404
0.6655 0.549031601
0.665 0.5515139771
0.6645 0.5540507507
0.664 0.5564930344
0.6635 0.559057579
0.663 0.5613951111
0.6625 0.5638449097
0.662 0.566361351
0.6615 0.5688845062
0.661 0.5715373611
0.6605 0.5738600922
0.66 0.5764058304
0.6595 0.5789193344
0.659 0.5812862396
0.6585 0.5838384628
0.658 0.5861563873
0.6575 0.5887825394
0.657 0.5911544418
0.6565 0.5934456635
0.656 0.5957906723
0.6555 0.5982032394
0.655 0.6007561111
0.6545 0.6033418274
0.654 0.6056146622
0.6535 0.6081013107
0.653 0.6104286957
0.6525 0.6127646637
0.652 0.6155244827
0.6515 0.6178503799
0.651 0.6203138733
0.6505 0.6226861572
0.65 0.6250484467
0.6495 0.6277210236
0.649 0.6299859238
0.6485 0.6323881912
0.648 0.6348202896
0.6475 0.6372301102
0.647 0.6396414566
0.6465 0.6421096039
0.646 0.6444278717
0.6455 0.6468294525
0.645 0.6492672729
0.6445 0.6516425323
0.644 0.6540797424
0.6435 0.6563545227
0.643 0.6586396027
0.6425 0.6611487579
0.642 0.6634375763
0.6415 0.665619278
0.641 0.6679827881
0.6405 0.6702268982
0.64 0.6726707458
0.6395 0.6748309326
0.639 0.6771125793
0.6385 0.6795687866
0.638 0.681802597
0.6375 0.684078064
0.637 0.6864337158
0.6365 0.6886618805
0.636 0.6908799744
0.6355 0.6932110596
0.635 0.695294342
0.6345 0.697705307
0.634 0.6997299957
0.6335 0.7020052338
0.633 0.7042154694
0.6325 0.7064455414
0.632 0.7085635376
0.6315 0.7107944489
0.631 0.7129589844
0.6305 0.7151904297
0.63 0.7174119568
0.6295 0.7195013428
0.629 0.7216812134
0.6285 0.7237607574
0.628 0.7260812378
0.6275 0.7281240082
0.627 0.7302371216
0.6265 0.7321456909
0.626 0.7341822815
0.6255 0.7362985992
0.625 0.738398056
0.6245 0.740453186
0.624 0.7423802185
0.6235 0.7445414734
0.623 0.7464862061
0.6225 0.748504715
0.622 0.7501544189
0.6215 0.7522268677
0.621 0.7541682434
0.6205 0.7560574341
0.62 0.7579759979
0.6195 0.7600981903
0.619 0.7617784882
0.6185 0.7635106659
0.618 0.7654134369
0.6175 0.767247467
0.617 0.7690136719
0.6165 0.7707751465
0.616 0.7726163483
0.6155 0.774257431
0.615 0.7759609222
0.6145 0.7777402496
0.614 0.7792937469
0.6135 0.7809128571
0.613 0.782405014
0.6125 0.7839499664
0.612 0.7857640076
0.6115 0.7873600769
0.611 0.7888967133
0.6105 0.7902487183
0.61 0.7917319489
0.6095 0.7932770538
0.609 0.7946527863
0.6085 0.7959643555
0.608 0.7975567627
0.6075 0.7985900116
0.607 0.7999421692
0.6065 0.8014071655
0.606 0.8025907135
0.6055 0.8038227844
0.605 0.8049958038
0.6045 0.8061192322
0.604 0.8074497986
0.6035 0.8083629608
0.603 0.8092240906
0.6025 0.8102639771
0.602 0.8114715576
0.6015 0.8122969818
0.601 0.8133335876
0.6005 0.8139785767
0.6 0.8147905731
0.5995 0.8155031586
0.599 0.8159781647
0.5985 0.8167653656
0.598 0.8173604584
0.5975 0.8177098083
0.597 0.8182957458
0.5965 0.8186969757
0.596 0.819198761
0.5955 0.8190583801
0.595 0.8195018005
0.5945 0.8193069458
0.594 0.8192611694
0.5935 0.8191873169
0.593 0.8191542053
0.5925 0.8187162018
0.592 0.8182134247
0.5915 0.8178852844
0.591 0.8169754791
0.5905 0.8161820984
0.59 0.8153478241
0.5895 0.8141145325
0.589 0.8129089355
0.5885 0.8113143158
0.588 0.8097647858
0.5875 0.8081713867
0.587 0.8058981323
0.5865 0.8035255432
0.586 0.8008254242
0.5855 0.7983106995
0.585 0.7951274872
0.5845 0.7920645142
0.584 0.7884142303
0.5835 0.7846118927
0.583 0.7806031036
0.5825 0.7759177399
0.582 0.7709326172
0.5815 0.7658138275
0.581 0.7603323364
0.5805 0.7542503357
0.58 0.7478157043
0.5795 0.7410203552
0.579 0.7334972382
0.5785 0.7256185913
0.578 0.7174619293
0.5775 0.7086507416
0.577 0.6991790771
0.5765 0.6892990112
0.576 0.6789602661
0.5755 0.6678702545
0.575 0.6564186096
0.5745 0.6440007019
0.574 0.6313598633
0.5735 0.6181441498
0.573 0.6039918518
0.5725 0.5896470642
0.572 0.5746903229
0.5715 0.5587856674
0.571 0.5432490158
0.5705 0.5264988708
0.57 0.5097922516
0.5695 0.4930135727
0.569 0.4759418106
0.5685 0.4569128418
0.568 0.4387369537
0.5675 0.420211792
0.567 0.4021298981
0.5665 0.3831930923
0.566 0.3641630173
0.5655 0.3453185654
0.565 0.3262343597
0.5645 0.307889843
0.564 0.2900615311
0.5635 0.2723831558
0.563 0.2550657463
0.5625 0.2379972076
0.562 0.2211615944
0.5615 0.2056314659
0.561 0.1900156403
0.5605 0.1755830193
0.56 0.1616525269
0.5595 0.1481252289
0.559 0.1357418156
0.5585 0.123707428
0.558 0.1124153137
0.5575 0.1022378159
0.557 0.09232580185
0.5565 0.08321007729
0.556 0.0748964262
0.5555 0.06704731464
0.555 0.06007618904
0.5545 0.05355459213
0.554 0.04766122818
0.5535 0.04232913971
0.553 0.03738025904
0.5525 0.03293370724
0.552 0.02904413462
0.5515 0.02546650171
0.551 0.02235859156
0.5505 0.01953624725
0.55 0.01706304073
0.5495 0.0148631382
0.549 0.01293524623
0.5485 0.01123070717
0.548 0.00974727988
0.5475 0.00842700779
0.547 0.00726718903
0.5465 0.00627497912
0.546 0.0054288739
0.5455 0.00468199611
0.545 0.00402524889
0.5445 0.00344852358
0.544 0.0029720524
0.5435 0.00255037785
0.543 0.0022050184
0.5425 0.00188781992
0.542 0.00161203221
0.5415 0.00139557898
0.541 0.00120258078
0.5405 0.0010291069
0.54 0.00087936729
0.5395 0.00076393768
0.539 0.00067224726
0.5385 0.00056586258
0.538 0.00048665412
0.5375 0.00042726781
0.537 0.00036960699
0.5365 0.0003127712
0.536 0.00029007696
0.5355 0.00025804972
0.535 0.00022898281
0.5345 0.00020139355
0.534 0.00016892474
0.5335 0.00014298344
0.533 0.00015071834
0.5325 0.00011982385
0.532 0.00011399923
0.5315 0.00010035492
0.531 8.314351e-05
0.5305 7.810296e-05
0.53 7.949885e-05
0.5295 5.518154e-05
0.529 8.155693e-05
0.5285 5.302497e-05
0.528 4.586839e-05
0.5275 3.445528e-05
0.527 5.084066e-05
0.5265 4.228015e-05
0.526 3.515072e-05
0.5255 4.726795e-05
0.525 3.371919e-05
0.5245 4.084445e-05
0.524 3.087305e-05
0.5235 3.585025e-05
0.523 2.089794e-05
0.5225 3.157927e-05
0.522 1.591399e-05
0.5215 4.226885e-05
0.521 2.944848e-05
0.5205 3.798606e-05
0.52 3.300774e-05
0.5195 1.519935e-05
0.519 2.873145e-05
0.5185 2.161139e-05
0.518 2.16138e-05
0.5175 2.730852e-05
0.517 3.444896e-05
0.5165 2.94604e-05
0.516 1.234031e-05
0.5155 2.233035e-05
0.515 1.519206e-05
0.5145 1.304878e-05
0.514 2.876764e-05
0.5135 2.591363e-05
0.513 2.090801e-05
0.5125 5.8887e-06
0.512 3.307743e-05
0.5115 2.878938e-05
0.511 1.804629e-05
0.5105 2.378725e-05
0.51 2.235263e-05
0.5095 9.4393e-06
0.509 8.71732e-06
0.5085 1.877034e-05
0.508 1.373811e-05
0.5075 1.157857e-05
0.507 1.085422e-05
0.5065 2.525702e-05
0.506 2.093554e-05
0.5055 2.959666e-05
0.505 9.39097e-06
0.5045 8.66208e-06
0.504 2.14966e-06
0.5035 3.614629e-05
0.503 8.64118e-06
0.5025 1.878022e-05
0.502 1.58815e-05
0.5015 1.006988e-05
0.501 -8.39e-07
0.5005 1.369501e-05
0.5 2.03966e-06
0.4995 5.66942e-06
0.499 7.84494e-06
0.4985 1.368063e-05
0.498 1.148257e-05
0.4975 -9.01763e-06
0.497 1.36664e-05
0.4965 -1.273775e-05
0.496 -1.75949e-06
0.4955 1.512494e-05
0.495 6.29286e-06
0.4945 3.86e-07
0.494 -4.79527e-06
0.4935 4.03804e-06
0.493 -5.59347e-06
0.4925 6.96784e-06
0.492 1.585037e-05
0.4915 1.00176e-06
0.491 -1.164915e-05
0.4905 7.65929e-06
0.49 4.66455e-06
0.4895 1.882883e-05
0.489 -5.08302e-06
0.4885 -1.110111e-05
0.488 -5.89731e-06
0.4875 5.32664e-06
0.487 -5.20686e-06
0.4865 9.05548e-06
0.486 1.08e-09
0.4855 -1.059012e-05
0.485 -6.09569e-06
0.4845 6.81e-07
0.484 1.581312e-05
0.4835 7.46374e-06
0.483 -4.71703e-06
0.4825 -4.7505e-06
0.482 1.3519e-05
0.4815 1.13916e-05
0.481 -4.95277e-06
0.4805 -6.77e-07
0.48 1.45335e-06
0.4795 1.42918e-06
0.479 -1.48334e-06
0.4785 -2.95687e-06
0.478 2.80318e-06
0.4775 1.33269e-06
0.477 2.03295e-06
0.4765 -3.07996e-06
0.476 -3.83905e-06
0.4755 6.33641e-06
0.475 1.143243e-05
0.4745 -7.59554e-06
0.474 5.55422e-06
0.4735 3.33298e-06
0.473 -2.901811e-05
0.4725 1.580235e-05
0.472 -5.57125e-06
0.4715 3.98775e-06
0.471 -7.11726e-06
0.4705 -4.92978e-06
0.47 -1.99705e-06
0.4695 7.6191e-06
0.469 3.8907e-06
0.4685 1.49e-07
0.468 -5.83798e-06
0.4675 3.08322e-06
0.467 -6.74e-07
0.4665 -4.44161e-06
0.466 -1.272028e-05
0.4655 1.350709e-05
0.465 -3.0336e-06
0.4645 -1.55911e-06
0.464 -3.84719e-06
0.4635 2.91566e-06
0.463 6.26e-07
0.4625 2.87266e-06
0.462 -1.155312e-05
0.4615 3.58539e-06
0.461 3.24084e-06
0.4605 -4.22932e-06
0.46 1.45821e-06
0.4595 -1.003195e-05
0.459 8.58243e-06
0.4585 1.935086e-05
0.458 -5.84876e-06
0.4575 1.286567e-05
0.457 -5.20533e-06
0.4565 5.42e-07
0.456 -3.8381e-06
0.4555 -3.87932e-06
0.455 -2.4641e-06
0.4545 -3.14e-07
0.454 2.56938e-06
0.4535 3.42e-07
0.453 1.424271e-05
0.4525 3.94501e-06
0.452 1.7025e-06
0.4515 1.274299e-05
0.451 6.80988e-06
0.4505 8.45e-07
0.45 3.03226e-06
0.4495 8.21667e-06
0.449 -8.26857e-06
0.4485 3.66367e-06
0.448 1.265186e-05
0.4475 -1.70979e-06
0.447 1.201313e-05
0.4465 -4.93276e-06
0.446 1.069163e-05
0.4455 1.35369e-06
0.445 6.32959e-06
0.4445 4.12052e-06
0.444 4.45e-07
0.4435 5.46925e-06
0.443 -3.35049e-06
0.4425 1.197356e-05
0.442 7.52452e-06
0.4415 -1.030402e-05
0.441 5.94224e-06
0.4405 2.14112e-06
0.44 2.81465e-06
0.4395 -5.44746e-06
0.439 -1.93204e-06
0.4385 5.74064e-06
0.438 8.51902e-06
0.4375 -1.55391e-06
0.437 1.21247e-06
0.4365 -6.13758e-06
0.436 -9.93151e-06
0.4355 5.30819e-06
0.435 1.52993e-06
0.4345 -7.52063e-06
0.434 -1.95e-07
0.4335 6.8166e-06
0.433 6.34653e-06
0.4325 7.6988e-06
0.432 -3.24e-07
0.4315 7.55146e-06
0.431 7.47139e-06
0.4305 -6.6942e-06
0.43 -8.39621e-06
0.4295 8.98749e-06
0.429 -8.93e-08
0.4285 1.18583e-06
0.428 6.84058e-06
0.4275 8.83e-07
0.427 2.94344e-06
0.4265 1.027631e-05
0.426 1.916436e-05
0.4255 -8.25e-07
0.425 4.73536e-06
0.4245 -4.12789e-06
0.424 -1.41823e-06
0.4235 2.09464e-06
0.423 5.34764e-06
0.4225 7.72221e-06
0.422 4.03248e-06
0.4215 -1.13655e-05
0.421 1.547168e-05
0.4205 1.099347e-05
0.42 -9.94075e-06
0.4195 -2.96583e-06
0.419 -2.50643e-06
0.4185 3.07051e-06
0.418 1.248569e-05
0.4175 1.905372e-05
0.417 2.77031e-06
0.4165 -1.528141e-05
0.416 7.4648e-06
0.4155 -2.93175e-06
0.415 4.24315e-06
0.4145 3.07977e-06
0.414 -2.99983e-06
0.4135 8.22931e-06
0.413 1.321237e-05
0.4125 1.316621e-05
0.412 -1.124e-06
0.4115 1.050606e-05
0.411 -5.89332e-06
0.4105 4.60153e-06
0.41 -5.73321e-06
0.4095 1.829374e-05
0.409 8.19453e-06
0.4085 -1.39996e-06
0.408 -2.06e-07
0.4075 1.176959e-05
0.407 -1.32556e-06
0.4065 -6.6628e-06
0.406 8.9164e-06
0.4055 9.78752e-06
0.405 -4.32755e-06
0.4045 4.09e-07
0.404 -3.35507e-06
0.4035 1.51179e-06
0.403 -4.51449e-06
0.4025 -1.672857e-05
0.402 -3.36719e-06
0.4015 -7.46e-08
0.401 5.40402e-06
0.4005 -3.97188e-06
0.4 1.813275e-05
0.3995 1.305947e-05
0.399 -9.12e-07
0.3985 -3.85e-07
0.398 -1.96434e-06
0.3975 3.42577e-06
0.397 1.90436e-06
0.3965 1.06446e-06
0.396 -5.05e-07
0.3955 5.83091e-06
0.395 -5.88812e-06
0.3945 1.24673e-06
0.394 6.67702e-06
0.3935 -6.13e-07
0.393 6.17536e-06
0.3925 2.59502e-06
0.392 4.59641e-06
0.3915 4.50015e-06
0.391 -6.03e-07
0.3905 -8.67417e-06
0.39 -4.50552e-06
0.3895 1.302422e-05
0.389 1.51298e-06
0.3885 6.20835e-06
0.388 6.13172e-06
0.3875 2.069115e-05
0.387 -3.35e-07
0.3865 -2.57209e-06
0.386 -1.28171e-06
0.3855 -6.42308e-06
0.385 1.650091e-05
0.3845 -9.64508e-06
0.384 2.44149e-06
0.3835 1.033282e-05
0.383 6.87834e-06
0.3825 1.437214e-05
0.382 -1.053213e-05
0.3815 1.11921e-06
0.381 1.082717e-05
0.3805 1.149124e-05
0.38 -4.85285e-06
0.3795 -5.6961e-06
0.379 -1.53175e-06
0.3785 1.136104e-05
0.378 2.404075e-05
0.3775 2.91606e-06
0.377 -1.22541e-06
0.3765 9.54894e-06
0.376 -2.82548e-06
0.3755 -1.191404e-05
0.375 6.63332e-06
0.3745 5.1743e-06
0.374 -9.65954e-06
0.3735 1.48394e-06
0.373 -5.02925e-06
0.3725 1.132221e-05
0.372 -3.76873e-06
0.3715 2.17e-07
0.371 7.72e-07
0.3705 -8.16245e-06
0.37 -2.18338e-06
0.3695 2.50662e-06
0.369 2.876557e-05
0.3685 4.40147e-06
0.368 8.53456e-06
0.3675 -7.82306e-06
0.367 -3.00852e-06
0.3665 6.57863e-06
0.366 7.52219e-06
0.3655 6.77985e-06
0.365 9.42119e-06
0.3645 -9.07e-07
0.364 -5.19206e-06
0.3635 9.94813e-06
0.363 1.200261e-05
0.3625 5.586e-06
0.362 -1.328869e-05
0.3615 2.20473e-06
0.361 -1.95488e-06
0.3605 1.277342e-05
0.36 -8.48698e-06
0.3595 1.63185e-06
0.359 -6.29e-07
0.3585 2.01074e-06
0.358 1.339689e-05
0.3575 1.011684e-05
0.357 1.206761e-05
0.3565 1.406517e-05
0.356 2.94521e-06
0.3555 1.823357e-05
0.355 1.062644e-05
0.3545 -2.59492e-06
0.354 5.92121e-06
0.3535 7.13678e-06
0.353 2.0999e-06
0.3525 -3.09e-07
0.352 -3.97553e-06
0.3515 1.79036e-06
0.351 4.30287e-06
0.3505 5.82e-07
0.35 -1.80958e-06
0.3495 -9.91e-08
0.349 -8.07367e-06
0.3485 -4.88523e-06
0.348 -8.02133e-06
0.3475 9.01215e-06
0.347 8.38272e-06
0.3465 3.98234e-06
0.346 3.98904e-06
0.3455 -5.40182e-06
0.345 -8.4996e-06
0.3445 -2.21897e-06
0.344 -3.42121e-06
0.3435 -2.13694e-06
0.343 -5.1903e-06
0.3425 -6.35969e-06
0.342 2.30944e-06
0.3415 7.24971e-06
0.341 -3.14063e-06
0.3405 5.75e-07
0.34 4.26017e-06
0.3395 -2.99193e-06
0.339 -9.41775e-06
0.3385 2.38852e-06
0.338 1.267507e-05
0.3375 -2.99237e-06
0.337 -5.28474e-06
0.3365 2.91961e-06
0.336 -1.19951e-06
0.3355 -2.32723e-06
0.335 2.91479e-06
0.3345 1.77167e-06
0.334 -5.03404e-06
0.3335 -6.05353e-06
0.333 4.07451e-06
0.3325 -6.49e-08
0.332 -3.01224e-06
0.3315 1.387718e-05
0.331 1.134e-06
0.3305 -1.570974e-05
0.33 -4.76537e-06
0.3295 2.86332e-06
0.329 -1.277912e-05
0.3285 2.66731e-06
0.328 4.23262e-06
0.3275 1.324346e-05
0.327 1.139063e-05
0.3265 -7.09034e-06
0.326 -7.21e-07
0.3255 -5.27e-07
0.325 -5.9476e-06
0.3245 -1.046221e-05
0.324 -1.649272e-05
0.3235 -1.74976e-06
0.323 2.77113e-06
0.3225 -7.46768e-06
0.322 -8.41425e-06
0.3215 3.31568e-06
0.321 2.2916e-06
0.3205 -1.279398e-05
0.32 8.84917e-06
0.3195 3.9559e-06
0.319 -1.30859e-05
0.3185 -1.398076e-05
0.318 7.54e-07
0.3175 -9.9e-07
0.317 1.065482e-05
0.3165 3.13943e-06
0.316 2.64614e-06
0.3155 1.141154e-05
0.315 -2.58727e-06
0.3145 -5.42225e-06
0.314 2.0466e-06
0.3135 9.97478e-06
0.313 -2.6756e-06
0.3125 -4.39059e-06
0.312 5.76185e-06
0.3115 -1.55687e-06
0.311 -7.98e-07
0.3105 -5.49685e-06
0.31 -1.11009e-06
0.3095 -1.0146e-06
0.309 -1.759324e-05
0.3085 -7.14858e-06
0.308 -4.43291e-06
0.3075 6.97942e-06
0.307 -4.72193e-06
0.3065 -3.93609e-06
0.306 5.36297e-06
0.3055 -9.64515e-06
0.305 2.00558e-06
0.3045 2.19238e-06
0.304 -7.91095e-06
0.3035 -5.15624e-06
0.303 6.32968e-06
0.3025 -1.282475e-05
0.302 2.82781e-06
0.3015 3.57341e-06
0.301 7.27e-07
0.3005 2.85812e-06
0.3 4.28589e-06
0.2995 -5.65485e-06
0.299 8.29589e-06
0.2985 5.93424e-06
0.298 3.6387e-06
0.2975 -1.01337e-06
0.297 -1.8e-07
0.2965 -2.48596e-06
0.296 -5.94821e-06
0.2955 8.44448e-06
0.295 -1.02e-07
0.2945 -1.258205e-05
0.294 -1.3355e-06
0.2935 -7.97483e-06
0.293 -6.38609e-06
0.2925 -6.05944e-06
0.292 9.61812e-06
0.2915 -4.68887e-06
0.291 -6.28347e-06
0.2905 2.16273e-06
0.29 -9.56e-08
0.2895 7.08941e-06
0.289 4.27253e-06
0.2885 6.35627e-06
0.288 5.86615e-06
0.2875 -1.697085e-05
0.287 4.30715e-06
0.2865 -4.12755e-06
0.286 -8.53047e-06
0.2855 7.12e-07
0.285 2.9e-07
0.2845 -9.41914e-06
0.284 -7.24687e-06
0.2835 3.44512e-06
0.283 1.215313e-05
0.2825 -6.31215e-06
0.282 -3.51631e-06
0.2815 -3.90363e-06
0.281 -4.89292e-06
0.2805 1.225291e-05
0.28 -2.34e-07
0.2795 -9.09213e-06
0.279 -3.71286e-06
0.2785 -2.86895e-06
0.278 -6.42198e-06
0.2775 -7.43411e-06
0.277 2.73054e-06
0.2765 -2.91e-07
0.276 2.46856e-06
0.2755 -4.49427e-06
0.275 -1.75049e-06
0.2745 9.80951e-06
0.274 4.6e-07
0.2735 -1.88936e-06
0.273 3.36665e-06
0.2725 8.27851e-06
0.272 -8.65666e-06
0.2715 3.23319e-06
0.271 -3.72247e-06
0.2705 -1.373771e-05
0.27 6.73544e-06
0.2695 -6.93e-07
0.269 -7.37015e-06
0.2685 -4.21673e-06
0.268 -8.71e-07
0.2675 -2.0278e-06
0.267 7.22e-07
0.2665 -1.06655e-06
0.266 8.6431e-06
0.2655 -7.72812e-06
0.265 4.38521e-06
0.2645 6.6282e-06
0.264 1.034734e-05
0.2635 -8.78e-07
0.263 3.8613e-06
0.2625 7.87786e-06
0.262 -8.28605e-06
0.2615 1.057876e-05
0.261 -4.76104e-06
0.2605 6.83724e-06
0.26 -1.96903e-06
0.2595 -8.7811e-06
0.259 6.03691e-06
0.2585 -5.02674e-06
0.258 1.10774e-06
0.2575 7.83628e-06
0.257 -3.35794e-06
0.2565 -2.60231e-06
0.256 -1.20037e-06
0.2555 -4.38552e-06
0.255 3.50219e-06
0.2545 -8.1072e-06
0.254 1.01302e-06
0.2535 -2.81241e-06
0.253 -1.95e-07
0.2525 -5.30523e-06
0.252 -3.34747e-06
0.2515 1.811e-06
0.251 5.47e-07
0.2505 -2.64397e-06
0.25 -8.40167e-06
0.2495 2.50772e-06
0.249 1.87692e-06
0.2485 3.81539e-06
0.248 -6.55e-07
0.2475 9.61719e-06
0.247 -3.16056e-06
0.2465 -2.47846e-06
0.246 -6.41093e-06
0.2455 -3.09747e-06
0.245 -1.670087e-05
0.2445 -3.6768e-06
0.244 -4.30922e-06
0.2435 -1.037882e-05
0.243 -7.62935e-06
0.2425 -5.5708e-06
0.242 -2.16666e-06
0.2415 5.44e-07
0.241 -6.93734e-06
0.2405 -1.51316e-06
0.24 1.8801e-06
0.2395 -1.042297e-05
0.239 -2.2518e-06
0.2385 -3.65323e-06
0.238 4.28e-07
0.2375 -3.74906e-06
0.237 -1.072889e-05
0.2365 9.84e-07
0.236 -3.26272e-06
0.2355 -1.94098e-06
0.235 6.44252e-06
0.2345 1.41e-08
0.234 -7.9289e-06
0.2335 6.29374e-06
0.233 -9.69602e-06
0.2325 -1.12652e-06
0.232 -4.20278e-06
0.2315 2.31053e-06
0.231 -7.52617e-06
0.2305 -9.99079e-06
0.23 -4.8508e-06
0.2295 -2.14149e-06
0.229 -3.76025e-06
0.2285 -1.03694e-06
0.228 -4.81e-07
0.2275 7.5505e-06
0.227 1.04784e-05
0.2265 3.27081e-06
0.226 -2.88913e-06
0.2255 2.69391e-06
0.225 -7.88961e-06
0.2245 -9.01054e-06
0.224 -2.52665e-06
0.2235 -1.181074e-05
0.223 -7.54677e-06
0.2225 6.20353e-06
0.222 -4.64691e-06
0.2215 2.50485e-06
0.221 1.744484e-05
0.2205 -1.031546e-05
0.22 -2.014564e-05
0.2195 -7.47948e-06
0.219 1.378444e-05
0.2185 4.5071e-06
0.218 -1.807838e-05
0.2175 1.07104e-06
0.217 -2.48087e-06
0.2165 -9.12064e-06
0.216 -3.55921e-06
0.2155 -9.33447e-06
0.215 -4.64479e-06
0.2145 1.57976e-06
0.214 1.774073e-05
0.2135 6.37095e-06
0.213 1.19516e-06
0.2125 -3.93186e-06
0.212 -1.007796e-05
0.2115 1.64e-07
0.211 -9.6394e-06
0.2105 1.171e-06
0.21 -4.05452e-06
0.2095 -1.191276e-05
0.209 -1.259853e-05
0.2085 -3.9e-09
0.208 -1.48687e-06
0.2075 -9.29107e-06
0.207 4.09302e-06
0.2065 -1.781044e-05
0.206 4.91511e-06
0.2055 -1.795422e-05
0.205 8.99e-07
0.2045 -2.07834e-05
0.204 -6.50042e-06
0.2035 8.75437e-06
0.203 -7.6479e-06
0.2025 -3.67353e-06
0.202 2.49476e-06
0.2015 -6.79198e-06
0.201 -1.274182e-05
0.2005 -7.56429e-06
0.2 -8.0699e-06
