1.1 -8.00267e-05
1.0995 -6.393017e-05
1.099 -8.704077e-05
1.0985 -9.649099e-05
1.098 -5.781085e-05
1.0975 -7.052434e-05
1.097 -0.00011542178
1.0965 -0.0001056576
1.096 -6.876383e-05
1.0955 -5.644993e-05
1.095 -9.130753e-05
1.0945 -6.664706e-05
1.094 -0.00010010615
1.0935 -6.228276e-05
1.093 -8.751608e-05
1.0925 -6.728192e-05
1.092 -6.05281e-05
1.0915 -7.051812e-05
1.091 -6.016653e-05
1.0905 -8.120683e-05
1.09 -4.053873e-05
1.0895 -7.234329e-05
1.089 -8.60499e-05
1.0885 -8.655181e-05
1.088 -8.897006e-05
1.0875 -6.69319e-05
1.087 -4.090061e-05
1.0865 -0.00010099718
1.086 -7.872887e-05
1.0855 -5.236588e-05
1.085 -9.02957e-05
1.0845 -7.378836e-05
1.084 -7.362056e-05
1.0835 -7.124645e-05
1.083 -8.455027e-05
1.0825 -6.434245e-05
1.082 -5.416691e-05
1.0815 -9.630955e-05
1.081 -8.671177e-05
1.0805 -5.69832e-05
1.08 -6.567446e-05
1.0795 -7.839975e-05
1.079 -0.00012446554
1.0785 -8.634876e-05
1.078 -8.372004e-05
1.0775 -6.174397e-05
1.077 -7.873985e-05
1.0765 -9.486296e-05
1.076 -7.080685e-05
1.0755 -7.6e-05
1.075 -9.504625e-05
1.0745 -7.727093e-05
1.074 -7.367333e-05
1.0735 -6.935661e-05
1.073 -7.268573e-05
1.0725 -0.00010314785
1.072 -0.00010572461
1.0715 -5.772078e-05
1.071 -6.660877e-05
1.0705 -0.00012667226
1.07 -3.558532e-05
1.0695 -6.258751e-05
1.069 -9.184894e-05
1.0685 -6.800583e-05
1.068 -6.668549e-05
1.0675 -8.511684e-05
1.067 -8.356429e-05
1.0665 -5.638533e-05
1.066 -7.190269e-05
1.0655 -9.149936e-05
1.065 -7.577726e-05
1.0645 -6.994522e-05
1.064 -0.00013705621
1.0635 -7.240911e-05
1.063 -7.696665e-05
1.0625 -6.190058e-05
1.062 -0.00013578888
1.0615 -6.517755e-05
1.061 -6.177295e-05
1.0605 -6.42916e-05
1.06 -5.69441e-05
1.0595 -7.412267e-05
1.059 -8.840903e-05
1.0585 -6.47428e-05
1.058 -5.603134e-05
1.0575 -5.204517e-05
1.057 -0.00012095314
1.0565 -9.478813e-05
1.056 -6.254847e-05
1.0555 -5.906083e-05
1.055 -8.16266e-05
1.0545 -7.353542e-05
1.054 -8.487783e-05
1.0535 -5.506219e-05
1.053 -7.1479e-05
1.0525 -4.483542e-05
1.052 -5.984914e-05
1.0515 -6.398957e-05
1.051 -7.694279e-05
1.0505 -9.217965e-05
1.05 -8.943992e-05
1.0495 -3.547108e-05
1.049 -4.527388e-05
1.0485 -9.685913e-05
1.048 -7.928194e-05
1.0475 -9.453735e-05
1.047 -6.710672e-05
1.0465 -8.030931e-05
1.046 -8.608229e-05
1.0455 -9.603056e-05
1.045 -6.455403e-05
1.0445 -8.529294e-05
1.044 -5.178758e-05
1.0435 -7.417906e-05
1.043 -7.769675e-05
1.0425 -5.625899e-05
1.042 -6.632082e-05
1.0415 -0.00011284757
1.041 -7.976133e-05
1.0405 -4.611582e-05
1.04 -8.55886e-05
1.0395 -7.486682e-05
1.039 -5.180689e-05
1.0385 -7.379401e-05
1.038 -9.56524e-05
1.0375 -6.836614e-05
1.037 -7.048802e-05
1.0365 -7.625753e-05
1.036 -9.101914e-05
1.0355 -7.921474e-05
1.035 -9.433324e-05
1.0345 -4.522607e-05
1.034 -7.389e-05
1.0335 -0.00011695029
1.033 -8.468479e-05
1.0325 -6.6775e-05
1.032 -9.087981e-05
1.0315 -0.0001141878
1.031 -9.141532e-05
1.0305 3.18152e-06
1.03 -5.340288e-05
1.0295 -0.00012744413
1.029 -8.380201e-05
1.0285 -5.369368e-05
1.028 -4.537578e-05
1.0275 -0.00010129568
1.027 -8.417808e-05
1.0265 -0.00010398597
1.026 -8.276563e-05
1.0255 -8.648168e-05
1.025 -5.096315e-05
1.0245 -8.188411e-05
1.024 -9.695502e-05
1.0235 -7.996227e-05
1.023 -8.859642e-05
1.0225 -9.192205e-05
1.022 -7.594786e-05
1.0215 -7.43638e-05
1.021 -9.206242e-05
1.0205 -0.0001067856
1.02 -6.712245e-05
1.0195 -8.411519e-05
1.019 -0.00010292594
1.0185 -7.588718e-05
1.018 -5.870771e-05
1.0175 -8.945705e-05
1.017 -8.673364e-05
1.0165 -0.00010631487
1.016 -9.937228e-05
1.0155 -6.136526e-05
1.015 -5.065308e-05
1.0145 -0.00010869434
1.014 -0.00011854736
1.0135 -7.038481e-05
1.013 -8.868151e-05
1.0125 -0.0001050683
1.012 -9.808571e-05
1.0115 -0.00010235984
1.011 -4.622e-05
1.0105 -0.00010314033
1.01 -7.410415e-05
1.0095 -9.97876e-05
1.009 -6.877109e-05
1.0085 -5.845844e-05
1.008 -7.948441e-05
1.0075 -5.774303e-05
1.007 -0.00010452507
1.0065 -5.598109e-05
1.006 -8.241202e-05
1.0055 -7.628503e-05
1.005 -8.023788e-05
1.0045 -7.915815e-05
1.004 -2.891992e-05
1.0035 -6.407233e-05
1.003 -7.529593e-05
1.0025 -9.820174e-05
1.002 -9.247664e-05
1.0015 -9.124774e-05
1.001 -5.743138e-05
1.0005 -0.00011386399
1.0 -7.617461e-05
0.9995 -5.685261e-05
0.999 -6.251405e-05
0.9985 -9.438426e-05
0.998 -7.662419e-05
0.9975 -7.881263e-05
0.997 -6.372347e-05
0.9965 -8.383515e-05
0.996 -4.724784e-05
0.9955 -6.478537e-05
0.995 -7.712004e-05
0.9945 -8.097894e-05
0.994 -5.207346e-05
0.9935 -6.44696e-05
0.993 -9.16578e-05
0.9925 -5.547474e-05
0.992 -4.793568e-05
0.9915 -8.693333e-05
0.991 -3.671924e-05
0.9905 -5.077892e-05
0.99 -0.00011277401
0.9895 -8.426339e-05
0.989 -7.164436e-05
0.9885 -5.450805e-05
0.988 -6.519456e-05
0.9875 -5.864012e-05
0.987 -4.803768e-05
0.9865 -6.850303e-05
0.986 -0.00011791808
0.9855 -7.552197e-05
0.985 -7.66732e-05
0.9845 -0.00011656608
0.984 -6.694965e-05
0.9835 -6.7795e-05
0.983 -9.065568e-05
0.9825 -0.00013623931
0.982 -5.642751e-05
0.9815 -3.645342e-05
0.981 -0.00010811753
0.9805 -9.352905e-05
0.98 -4.571655e-05
0.9795 -6.893494e-05
0.979 -0.00010715804
0.9785 -4.299704e-05
0.978 -4.752012e-05
0.9775 -0.00011553376
0.977 -8.273012e-05
0.9765 -7.380838e-05
0.976 -9.53122e-05
0.9755 -8.536144e-05
0.975 -7.397645e-05
0.9745 -9.977327e-05
0.974 -9.007687e-05
0.9735 -6.315426e-05
0.973 -6.60931e-05
0.9725 -0.00010026317
0.972 -3.948197e-05
0.9715 -6.467397e-05
0.971 -0.00010678745
0.9705 -6.589451e-05
0.97 -4.895542e-05
0.9695 -7.361669e-05
0.969 -8.126887e-05
0.9685 -5.739895e-05
0.968 -4.139266e-05
0.9675 -0.00010818639
0.967 -8.413706e-05
0.9665 -4.790259e-05
0.966 -6.315171e-05
0.9655 -7.846392e-05
0.965 -9.354428e-05
0.9645 -5.894977e-05
0.964 -4.04978e-05
0.9635 -5.661482e-05
0.963 -5.424341e-05
0.9625 -7.989983e-05
0.962 -5.953963e-05
0.9615 -7.626016e-05
0.961 -3.626116e-05
0.9605 -7.316602e-05
0.96 -6.871214e-05
0.9595 -8.066373e-05
0.959 -5.699201e-05
0.9585 -3.238709e-05
0.958 -8.71931e-05
0.9575 -7.504067e-05
0.957 -3.590635e-05
0.9565 -8.888291e-05
0.956 -9.327747e-05
0.9555 -5.562783e-05
0.955 -4.524377e-05
0.9545 -7.931959e-05
0.954 -7.622111e-05
0.9535 -4.704589e-05
0.953 -2.153002e-05
0.9525 -6.867468e-05
0.952 -0.00011412621
0.9515 -6.604281e-05
0.951 -9.129362e-05
0.9505 -8.613169e-05
0.95 -8.667816e-05
0.9495 -3.067783e-05
0.949 -8.272503e-05
0.9485 -0.00012299864
0.948 -6.493466e-05
0.9475 -2.58578e-06
0.947 -5.735117e-05
0.9465 -0.00011303847
0.946 -3.236151e-05
0.9455 -2.738943e-05
0.945 -5.44101e-05
0.9445 -0.0001059066
0.944 -8.374806e-05
0.9435 -4.645697e-05
0.943 -7.825078e-05
0.9425 -7.770644e-05
0.942 -4.966301e-05
0.9415 -4.924746e-05
0.941 -5.223921e-05
0.9405 -7.406339e-05
0.94 -7.6317e-05
0.9395 -6.903843e-05
0.939 -7.723387e-05
0.9385 -3.859563e-05
0.938 -7.228132e-05
0.9375 -0.00010582335
0.937 -1.56397e-05
0.9365 -9.362013e-05
0.936 -6.475758e-05
0.9355 -5.762818e-05
0.935 -5.241261e-05
0.9345 -5.302606e-05
0.934 -7.418828e-05
0.9335 -6.070622e-05
0.933 -5.971523e-05
0.9325 -8.935576e-05
0.932 -7.092397e-05
0.9315 -5.749269e-05
0.931 -5.472598e-05
0.9305 -7.769851e-05
0.93 -7.874936e-05
0.9295 -8.104181e-05
0.929 -2.549033e-05
0.9285 -8.795971e-05
0.928 -6.824585e-05
0.9275 -6.946995e-05
0.927 -7.0518e-05
0.9265 -4.335433e-05
0.926 -5.087316e-05
0.9255 -9.169945e-05
0.925 -5.378468e-05
0.9245 -3.246982e-05
0.924 -9.821444e-05
0.9235 -7.74544e-05
0.923 -4.281156e-05
0.9225 -4.996309e-05
0.922 -8.263403e-05
0.9215 -7.246457e-05
0.921 -7.033305e-05
0.9205 -6.017731e-05
0.92 -0.00010281125
0.9195 -5.087552e-05
0.919 -5.415028e-05
0.9185 -6.135901e-05
0.918 -5.119984e-05
0.9175 -7.178199e-05
0.917 -7.660548e-05
0.9165 -9.920065e-05
0.916 -5.658756e-05
0.9155 -4.642625e-05
0.915 -7.84174e-05
0.9145 -7.352117e-05
0.914 -6.846248e-05
0.9135 -4.761361e-05
0.913 -5.564186e-05
0.9125 -7.031439e-05
0.912 -3.548448e-05
0.9115 -5.923715e-05
0.911 -6.91026e-05
0.9105 -7.415041e-05
0.91 -8.36501e-05
0.9095 -3.197725e-05
0.909 -7.382407e-05
0.9085 -9.641572e-05
0.908 -5.629365e-05
0.9075 -7.333127e-05
0.907 -9.319111e-05
0.9065 -5.715496e-05
0.906 -5.078075e-05
0.9055 -5.584516e-05
0.905 -6.613323e-05
0.9045 -9.533612e-05
0.904 -8.187416e-05
0.9035 -7.630188e-05
0.903 -2.974982e-05
0.9025 -7.629978e-05
0.902 -7.315054e-05
0.9015 -8.922988e-05
0.901 -5.414938e-05
0.9005 -7.147727e-05
0.9 -7.373872e-05
0.8995 -4.679624e-05
0.899 -2.86265e-06
0.8985 3.59228e-06
0.898 1.102747e-05
0.8975 -1.209937e-05
0.897 8.50381e-06
0.8965 -1.13903e-05
0.896 -2.412284e-05
0.8955 4.38433e-06
0.895 1.489925e-05
0.8945 -4.493876e-05
0.894 1.68377e-05
0.8935 -1.305746e-05
0.893 -1.095628e-05
0.8925 -1.020716e-05
0.892 -1.04912e-06
0.8915 1.29267e-06
0.891 8.0162e-06
0.8905 -1.315146e-05
0.89 -1.09764e-05
0.8895 -7.08889e-06
0.889 6.6506e-06
0.8885 3.31898e-06
0.888 2.056223e-05
0.8875 9.27744e-06
0.887 -1.01314e-06
0.8865 -2.361184e-05
0.886 -5.89441e-06
0.8855 -3.27956e-06
0.885 2.12413e-06
0.8845 1.80888e-06
0.884 -3.40733e-06
0.8835 1.047558e-05
0.883 -2.170706e-05
0.8825 2.57503e-06
0.882 8.51281e-06
0.8815 -1.36409e-06
0.881 8.63524e-06
0.8805 9.62e-07
0.88 2.84113e-06
0.8795 -4.28945e-06
0.879 -5.52e-07
0.8785 -3.20568e-06
0.878 -7.43225e-06
0.8775 -1.43647e-05
0.877 -3.15577e-06
0.8765 -4.48088e-06
0.876 -3.91781e-06
0.8755 4.93e-07
0.875 -7.12722e-06
0.8745 -2.71681e-06
0.874 -2.23e-07
0.8735 -4.00089e-06
0.873 6.76236e-06
0.8725 -7.16288e-06
0.872 -1.096035e-05
0.8715 -1.47326e-06
0.871 4.24e-07
0.8705 -5.872e-06
0.87 -8.3628e-06
0.8695 1.188755e-05
0.869 3.72589e-06
0.8685 4.38182e-06
0.868 3.15917e-06
0.8675 -2.4182e-06
0.867 -1.36956e-05
0.8665 3.86644e-06
0.866 -3.6811e-06
0.8655 4.12065e-06
0.865 -1.377945e-05
0.8645 -3.44545e-06
0.864 1.09958e-06
0.8635 -2.68391e-06
0.863 5.76e-07
0.8625 1.91662e-06
0.862 -4.27163e-06
0.8615 -1.539743e-05
0.861 -2.98042e-06
0.8605 8.71841e-06
0.86 -9.93231e-06
0.8595 -2.06019e-06
0.859 2.45258e-06
0.8585 -1.203273e-05
0.858 7.97e-07
0.8575 5.42232e-06
0.857 -4.29787e-06
0.8565 9.42479e-06
0.856 1.71621e-06
0.8555 -1.108452e-05
0.855 -8.34536e-06
0.8545 -1.86747e-06
0.854 2.04759e-06
0.8535 -5.18e-07
0.853 1.16e-07
0.8525 8.69e-07
0.852 -6.97695e-06
0.8515 -3.56634e-06
0.851 -5.45974e-06
0.8505 -9.27176e-06
0.85 5.44e-07
0.8495 -7e-07
0.849 -4.53046e-06
0.8485 2.63921e-06
0.848 -5.06818e-06
0.8475 -4.33019e-06
0.847 -3.74324e-06
0.8465 -9.02075e-06
0.846 -5.647e-06
0.8455 -1.361987e-05
0.845 3.70591e-06
0.8445 5.03837e-06
0.844 -9.53984e-06
0.8435 9.07467e-06
0.843 -2.19398e-06
0.8425 -8.88e-07
0.842 -8.8858e-06
0.8415 1.06306e-06
0.841 3.9e-07
0.8405 -5.71235e-06
0.84 -3.0497e-06
0.8395 -7.15831e-06
0.839 -1.79831e-06
0.8385 1.57e-07
0.838 -1.583452e-05
0.8375 -7.22e-07
0.837 -1.226921e-05
0.8365 5.8347e-06
0.836 -9.27354e-06
0.8355 -3.9252e-06
0.835 -8.26419e-06
0.8345 4.61191e-06
0.834 -8.39711e-06
0.8335 -2.48716e-06
0.833 -3.26251e-06
0.8325 5.76e-07
0.832 -5.83095e-06
0.8315 -1.23541e-05
0.831 -1.41802e-05
0.8305 -1.01362e-06
0.83 -2.577e-06
0.8295 -8.08e-07
0.829 2.38455e-06
0.8285 4.07684e-06
0.828 -2.33634e-06
0.8275 -4.78354e-06
0.827 -9.83387e-06
0.8265 -1.93563e-06
0.826 9.8434e-06
0.8255 -1.111638e-05
0.825 -9.89364e-06
0.8245 2.12824e-06
0.824 -9.97039e-06
0.8235 -8.47472e-06
0.823 -2.47192e-06
0.8225 2.64791e-06
0.822 5.83584e-06
0.8215 -1.389979e-05
0.821 -2.07833e-06
0.8205 -2.51426e-06
0.82 -5.71494e-06
0.8195 -6.77748e-06
0.819 -1.093426e-05
0.8185 -1.93e-07
0.818 -8.54666e-06
0.8175 2.31731e-06
0.817 -1.148255e-05
0.8165 6.77961e-06
0.816 -6.8065e-06
0.8155 9.3959e-06
0.815 -3.23845e-06
0.8145 1.28046e-06
0.814 -2.87175e-06
0.8135 5.81286e-06
0.813 -9.57083e-06
0.8125 -5.16651e-06
0.812 6.08357e-06
0.8115 -4.14218e-06
0.811 4.88237e-06
0.8105 -1.86381e-06
0.81 -3.98318e-06
0.8095 -1.689584e-05
0.809 -3.7183e-06
0.8085 4.9999e-06
0.808 8.43e-08
0.8075 -9.72151e-06
0.807 1.012899e-05
0.8065 -9.44144e-06
0.806 -2.55e-07
0.8055 -1.611874e-05
0.805 3.36001e-06
0.8045 1.35693e-06
0.804 2.78835e-06
0.8035 -4.09223e-06
0.803 -1.20125e-06
0.8025 -8.45549e-06
0.802 6.21518e-06
0.8015 -2.94e-07
0.801 -6.0354e-06
0.8005 -3.08423e-06
0.8 -1.38441e-05
0.7995 4.92227e-06
0.799 9.46524e-06
0.7985 2.69431e-06
0.798 8.85297e-06
0.7975 -2.26028e-06
0.797 6.78063e-06
0.7965 -3.37514e-06
0.796 9.86853e-06
0.7955 4.18191e-06
0.795 -1.207757e-05
0.7945 2.30038e-06
0.794 5.23205e-06
0.7935 7.41478e-06
0.793 -1.41404e-06
0.7925 -5.48796e-06
0.792 6.17439e-06
0.7915 6.99593e-06
0.791 3.51861e-06
0.7905 -2.72809e-06
0.79 1.217755e-05
0.7895 -9.62e-07
0.789 6.76607e-06
0.7885 5.50555e-06
0.788 -1.16584e-06
0.7875 3.31395e-06
0.787 -7.30872e-06
0.7865 2.14762e-06
0.786 -3.32509e-06
0.7855 -4.52866e-06
0.785 8.77681e-06
0.7845 8.17299e-06
0.784 -1.95598e-06
0.7835 -4.02791e-06
0.783 -7.42103e-06
0.7825 -3.61801e-06
0.782 1.068279e-05
0.7815 2.37245e-06
0.781 -4.38638e-06
0.7805 1.427572e-05
0.78 8.21168e-06
0.7795 7.94318e-06
0.779 1.268349e-05
0.7785 6.29e-07
0.778 1.065384e-05
0.7775 9.32292e-06
0.777 1.146661e-05
0.7765 1.424835e-05
0.776 4.81706e-06
0.7755 3.07078e-06
0.775 1.553191e-05
0.7745 9.16211e-06
0.774 8.54024e-06
0.7735 3.76765e-06
0.773 1.969404e-05
0.7725 1.150684e-05
0.772 3.372914e-05
0.7715 -1.10539e-06
0.771 3.264235e-05
0.7705 1.621309e-05
0.77 2.041619e-05
0.7695 1.70703e-06
0.769 2.511943e-05
0.7685 1.961261e-05
0.768 2.80603e-05
0.7675 1.83391e-05
0.767 2.40151e-05
0.7665 2.32329e-05
0.766 1.479142e-05
0.7655 3.897249e-05
0.765 2.917912e-05
0.7645 2.633873e-05
0.764 2.174604e-05
0.7635 3.195992e-05
0.763 3.534792e-05
0.7625 3.231892e-05
0.762 2.936508e-05
0.7615 3.611017e-05
0.761 4.273268e-05
0.7605 3.706221e-05
0.76 3.623332e-05
0.7595 4.249649e-05
0.759 3.370655e-05
0.7585 3.97648e-05
0.758 6.902398e-05
0.7575 5.34921e-05
0.757 5.240996e-05
0.7565 6.797017e-05
0.756 5.956579e-05
0.7555 5.90719e-05
0.755 7.534918e-05
0.7545 6.091284e-05
0.754 6.587168e-05
0.7535 7.136641e-05
0.753 7.411384e-05
0.7525 7.443379e-05
0.752 9.185242e-05
0.7515 7.212111e-05
0.751 8.186399e-05
0.7505 8.593478e-05
0.75 9.531444e-05
0.7495 0.00010514644
0.749 0.00010015342
0.7485 9.986953e-05
0.748 9.96356e-05
0.7475 0.00011607291
0.747 0.00012453211
0.7465 0.00011652088
0.746 0.00012480057
0.7455 0.00010897726
0.745 0.00012594518
0.7445 0.00012071357
0.744 0.00013895195
0.7435 0.00014860279
0.743 0.00014230733
0.7425 0.00015104176
0.742 0.00015143489
0.7415 0.0001567293
0.741 0.00017006595
0.7405 0.00016062303
0.74 0.00017276589
0.7395 0.00018129716
0.739 0.00018005654
0.7385 0.00018346552
0.738 0.0001912329
0.7375 0.00020735987
0.737 0.00019752225
0.7365 0.00021820067
0.736 0.00021527933
0.7355 0.00021976627
0.735 0.00021801213
0.7345 0.00022858355
0.734 0.00024122242
0.7335 0.00024280094
0.733 0.00023955479
0.7325 0.00024995105
0.732 0.00026750777
0.7315 0.00026328905
0.731 0.00027543673
0.7305 0.00029197766
0.73 0.00028679691
0.7295 0.0002898203
0.729 0.0003030221
0.7285 0.00030500896
0.728 0.00032093629
0.7275 0.00033350047
0.727 0.00033421297
0.7265 0.00033486947
0.726 0.00034750886
0.7255 0.00036069166
0.725 0.00036553122
0.7245 0.00036924236
0.724 0.00036949288
0.7235 0.00038349189
0.723 0.00039650802
0.7225 0.00040913273
0.722 0.00042765968
0.7215 0.00040463127
0.721 0.0004193629
0.7205 0.00043209169
0.72 0.00043903004
0.7195 0.00042445287
0.719 0.00044880748
0.7185 0.00045190465
0.718 0.00046674322
0.7175 0.00046390351
0.717 0.00047662754
0.7165 0.00047544964
0.716 0.00047533378
0.7155 0.00047686644
0.715 0.00047907732
0.7145 0.00048867892
0.714 0.00046977758
0.7135 0.00048741598
0.713 0.00047911886
0.7125 0.00048422288
0.712 0.00046788815
0.7115 0.00046653554
0.711 0.00047917683
0.7105 0.00046580277
0.71 0.00045836423
0.7095 0.0004590575
0.709 0.00044431672
0.7085 0.00044441856
0.708 0.00043653119
0.7075 0.0004205472
0.707 0.00041760735
0.7065 0.00041337423
0.706 0.00038419053
0.7055 0.00037575271
0.705 0.00037209176
0.7045 0.00035088405
0.704 0.00034463398
0.7035 0.00033665426
0.703 0.00031175179
0.7025 0.00029951872
0.702 0.00029177735
0.7015 0.00026915822
0.701 0.00026943911
0.7005 0.00025748758
0.7 0.0002245097
0.6995 0.00021276513
0.699 0.00020231875
0.6985 0.00019300671
0.698 0.00017109314
0.6975 0.00015834013
0.697 0.00015519312
0.6965 0.00014325866
0.696 0.00013775148
0.6955 0.00011717922
0.695 0.00011448303
0.6945 9.53213e-05
0.694 7.792281e-05
0.6935 8.308473e-05
0.693 7.289718e-05
0.6925 5.939279e-05
0.692 5.28594e-05
0.6915 5.49212e-05
0.691 5.570492e-05
0.6905 3.411955e-05
0.69 3.522622e-05
0.6895 2.173898e-05
0.689 2.4576e-05
0.6885 1.644741e-05
0.688 5.48337e-06
0.6875 7.65572e-06
0.687 1.911018e-05
0.6865 1.249928e-05
0.686 1.05089e-06
0.6855 -1.082555e-05
0.685 9.82e-07
0.6845 1.379326e-05
0.684 7.01413e-06
0.6835 1.232738e-05
0.683 -4.5e-07
0.6825 -8.76e-07
0.682 -4.57188e-06
0.6815 -1.62687e-05
0.681 -3.26523e-06
0.6805 -9.67507e-06
0.68 7.8629e-06
0.6795 -9.73667e-06
0.679 3.46764e-06
0.6785 -1.05697e-06
0.678 -1.4665e-06
0.6775 -5.48e-07
0.677 -8.11976e-06
0.6765 8.3422e-06
0.676 -4.17137e-06
0.6755 -3.22113e-06
0.675 -2.83674e-06
0.6745 -8.53243e-06
0.674 -3.51401e-06
0.6735 7.21e-07
0.673 -9.49238e-06
0.6725 -9.22963e-06
0.672 -4.85838e-06
0.6715 -3.23633e-06
0.671 -2.2003e-06
0.6705 -2.49914e-06
0.67 -8.22597e-06
0.6695 -6.54317e-06
0.669 -1.15508e-05
0.6685 -5.22231e-06
0.668 1.09328e-06
0.6675 -1.3202e-06
0.667 -6.89886e-06
0.6665 -4.76e-07
0.666 -6.91136e-06
0.6655 -1.182809e-05
0.665 3.75631e-06
0.6645 -2.54829e-06
0.664 -8.29605e-06
0.6635 6.08e-07
0.663 -7.01052e-06
0.6625 5.5299e-06
0.662 2.9e-07
0.6615 -1.47976e-06
0.661 -6.48787e-06
0.6605 -1.019102e-05
0.66 8.3071e-06
0.6595 -4.29829e-06
0.659 -5.37069e-06
0.6585 -1.425475e-05
0.658 1.15882e-06
0.6575 -4.62e-07
0.657 -9.47e-07
0.6565 -6.0538e-06
0.656 7.19e-08
0.6555 -1.957139e-05
0.655 2.82042e-06
0.6545 -1.254129e-05
0.654 3.06605e-06
0.6535 -8.72338e-06
0.653 3.29108e-06
0.6525 -1.377774e-05
0.652 -4.19115e-06
0.6515 2.08989e-06
0.651 8.3e-07
0.6505 -6.47884e-06
0.65 5.02767e-06
0.6495 -2.89897e-06
0.649 -5.46001e-06
0.6485 1.23046e-06
0.648 -1.119309e-05
0.6475 7.23403e-06
0.647 -1.624379e-05
0.6465 9.76e-07
0.646 1.2231e-06
0.6455 -1.50738e-06
0.645 -4.2398e-06
0.6445 -9.73381e-06
0.644 4.70527e-06
0.6435 -8.36698e-06
0.643 -9.76914e-06
0.6425 -1.186913e-05
0.642 2.57759e-06
0.6415 4.69e-07
0.641 1.569211e-05
0.6405 -3.10177e-06
0.64 -1.294107e-05
0.6395 2.36737e-06
0.639 2.30895e-06
0.6385 -9.0685e-06
0.638 -2.085e-06
0.6375 -6.46135e-06
0.637 -3.71051e-06
0.6365 -2.14e-07
0.636 -1.03878e-06
0.6355 -1.14607e-06
0.635 -1.301097e-05
0.6345 -1.541884e-05
0.634 -1.47563e-06
0.6335 6.54e-07
0.633 -1.301834e-05
0.6325 -2.76358e-06
0.632 -1.385913e-05
0.6315 8.41468e-06
0.631 3.41e-07
0.6305 1.272065e-05
0.63 -3.56371e-06
0.6295 -1.45277e-06
0.629 -3.05954e-06
0.6285 2.09923e-06
0.628 9.79536e-06
0.6275 7.0968e-06
0.627 -4.45727e-06
0.6265 -1.684184e-05
0.626 1.88611e-06
0.6255 -1.81829e-06
0.625 -9.93898e-06
0.6245 -1.2115e-06
0.624 -2.00099e-06
0.6235 -2.78804e-06
0.623 -1.541188e-05
0.6225 -1.398721e-05
0.622 -3.62501e-06
0.6215 -8.84405e-06
0.621 -2.90469e-06
0.6205 1.56363e-06
0.62 -3.62585e-06
0.6195 -5.0895e-06
0.619 2.35796e-06
0.6185 1.65003e-06
0.618 3.90298e-06
0.6175 -6.35034e-06
0.617 3.33e-07
0.6165 -3.24947e-06
0.616 -7.51145e-06
0.6155 -2.331e-06
0.615 -3.66676e-06
0.6145 -5.68899e-06
0.614 -4.83551e-06
0.6135 -8.92919e-06
0.613 -5.24641e-06
0.6125 3.25715e-06
0.612 -3.5465e-06
0.6115 -4.07718e-06
0.611 -5.95673e-06
0.6105 -7.79629e-06
0.61 -6.93628e-06
0.6095 -1.43592e-06
0.609 9.24816e-06
0.6085 1.582105e-05
0.608 9.59901e-06
0.6075 -6.11589e-06
0.607 -1.481021e-05
0.6065 -3.78696e-06
0.606 4.40156e-06
0.6055 -1.627633e-05
0.605 -2.1416e-06
0.6045 5.81e-07
0.604 -4.66556e-06
0.6035 7.26608e-06
0.603 -1.318074e-05
0.6025 -5.26129e-06
0.602 4.6271e-06
0.6015 -1.327097e-05
0.601 -1.137629e-05
0.6005 -2.15678e-06
0.6 7.80349e-06
0.5995 -6.43445e-06
0.599 5.63708e-06
0.5985 4.85255e-06
0.598 -1.261548e-05
0.5975 -2.41372e-06
0.597 1.91e-07
0.5965 -6.50571e-06
0.596 -2.64e-07
0.5955 -2.74151e-06
0.595 -6.06486e-06
0.5945 5.39662e-06
0.594 1.14087e-06
0.5935 1.280677e-05
0.593 -1.237018e-05
0.5925 -9.78764e-06
0.592 -2.82675e-06
0.5915 -1.004839e-05
0.591 -1.729639e-05
0.5905 2.37101e-06
0.59 -1.314962e-05
0.5895 -1.058318e-05
0.589 -2.155204e-05
0.5885 1.274333e-05
0.588 -1.058919e-05
0.5875 -6.18e-07
0.587 -3.99076e-06
0.5865 3.75846e-06
0.586 -1.621565e-05
0.5855 -6.96076e-06
0.585 -8.95111e-06
0.5845 -3.47658e-06
0.584 -6.85668e-06
0.5835 1.65553e-06
0.583 -1.285238e-05
0.5825 -5.86268e-06
0.582 -2.4165e-06
0.5815 -7.33499e-06
0.581 -6.24374e-06
0.5805 -3.58208e-06
0.58 -8.35e-07
0.5795 -1.319034e-05
0.579 -1.70936e-06
0.5785 -1.972656e-05
0.578 -1.117954e-05
0.5775 2.90996e-06
0.577 -2.216235e-05
0.5765 5.60617e-06
0.576 3.12e-07
0.5755 1.36e-07
0.575 4.49813e-06
0.5745 6.66508e-06
0.574 6.1368e-06
0.5735 -1.336513e-05
0.573 1.84013e-06
0.5725 -1.539951e-05
0.572 9.08589e-06
0.5715 -8.14e-07
0.571 -9.33546e-06
0.5705 -4.24748e-06
0.57 6.1e-07
0.5695 -5.35686e-06
0.569 -8.31537e-06
0.5685 1.83524e-06
0.568 -7.91952e-06
0.5675 2.3861e-06
0.567 9.07721e-06
0.5665 -9.8331e-06
0.566 1.204865e-05
0.5655 -1.301497e-05
0.565 -1.152253e-05
0.5645 -1.15e-07
0.564 5.98681e-06
0.5635 7.2e-07
0.563 4.51961e-06
0.5625 -3.77041e-06
0.562 -9.77585e-06
0.5615 8.31233e-06
0.561 3.03382e-06
0.5605 -5.26032e-06
0.56 1.207983e-05
0.5595 -3.01204e-06
0.559 6.79336e-06
0.5585 -6.04696e-06
0.558 -1.52606e-06
0.5575 -9.09741e-06
0.557 -7.60236e-06
0.5565 1.05534e-05
0.556 1.130936e-05
0.5555 6.95e-07
0.555 1.054317e-05
0.5545 9.78216e-06
0.554 -6.1743e-06
0.5535 -2.39044e-06
0.553 -4.68387e-06
0.5525 8.24142e-06
0.552 4.42665e-06
0.5515 -4.73487e-06
0.551 -1.390111e-05
0.5505 -1.239799e-05
0.55 8.21408e-06
0.5495 -9.65e-07
0.549 -4.04323e-06
0.5485 5.13166e-06
0.548 1.04046e-06
0.5475 2.23874e-06
0.547 4.40074e-06
0.5465 -1.211031e-05
0.546 8.01643e-06
0.5455 1.60559e-06
0.545 -4.7e-07
0.5445 3.15669e-06
0.544 -7.34388e-06
0.5435 1.90784e-06
0.543 -1.476641e-05
0.5425 6.20085e-06
0.542 -1.59372e-05
0.5415 1.317114e-05
0.541 -2.6649e-06
0.5405 1.50495e-06
0.54 -2.57746e-06
0.5395 6.36079e-06
0.539 -5.23148e-06
0.5385 -4.23e-07
0.538 -5.16298e-06
0.5375 -2.144756e-05
0.537 3.04996e-06
0.5365 -5.07307e-06
0.536 2.40537e-06
0.5355 -3.66591e-06
0.535 -4.99817e-06
0.5345 7.85145e-06
0.534 -1.102296e-05
0.5335 -1.30209e-05
0.533 -8.76e-07
0.5325 4.51788e-06
0.532 -2.869e-06
0.5315 3.19324e-06
0.531 -2.83955e-06
0.5305 -3.50118e-06
0.53 -1.287905e-05
0.5295 -4.15385e-06
0.529 1.21371e-06
0.5285 3.23201e-06
0.528 1.22812e-06
0.5275 -1.349255e-05
0.527 -2.10981e-06
0.5265 1.127471e-05
0.526 -1.146736e-05
0.5255 -8.78663e-06
0.525 -1.346125e-05
0.5245 -4.09958e-06
0.524 -7.53e-07
0.5235 2.58873e-06
0.523 -7.4366e-06
0.5225 3.92768e-06
0.522 -8.35e-08
0.5215 -1.4231e-06
0.521 -6.7746e-06
0.5205 -8.77921e-06
0.52 -9.03e-08
0.5195 1.595511e-05
0.519 -1.079755e-05
0.5185 7.92819e-06
0.518 -3.44947e-06
0.5175 -4.12274e-06
0.517 -2.78814e-06
0.5165 -1.16e-07
0.516 -1.016447e-05
0.5155 -2.80866e-06
0.515 -2.81462e-06
0.5145 9.91517e-06
0.514 -2.15757e-06
0.5135 3.20095e-06
0.513 -1.50346e-06
0.5125 1.17246e-06
0.512 -1.092913e-05
0.5115 7.87854e-06
0.511 7.87193e-06
0.5105 5.8511e-06
0.51 3.15e-06
0.5095 1.122516e-05
0.509 -1.58715e-06
0.5085 -1.306464e-05
0.508 -1.308389e-05
0.5075 8.50853e-06
0.507 -9.74827e-06
0.5065 2.40806e-06
0.506 -9.89e-07
0.5055 8.48201e-06
0.505 9.15154e-06
0.5045 -7.13261e-06
0.504 -1.055126e-05
0.5035 2.33874e-06
0.503 9.80626e-06
0.5025 6.39898e-06
0.502 3.66386e-06
0.5015 -1.80555e-06
0.501 -1.684006e-05
0.5005 -4.73e-07
0.5 -4.9e-07
0.4995 1.386446e-05
0.499 -8.74403e-06
0.4985 -8.08682e-06
0.498 -1.223528e-05
0.4975 -8.82952e-06
0.497 -2.66388e-06
0.4965 -2.68715e-06
0.496 3.49757e-06
0.4955 -1.653611e-05
0.495 -7.59331e-06
0.4945 -1.038663e-05
0.494 -3.17e-08
0.4935 -3.52153e-06
0.493 4.78653e-06
0.4925 -2.17966e-06
0.492 -4.29188e-06
0.4915 1.9522e-06
0.491 -2.24901e-05
0.4905 3.3129e-06
0.49 -1.60456e-06
0.4895 3.97611e-06
0.489 -1.357875e-05
0.4885 -2.38443e-06
0.488 -5.22542e-06
0.4875 5.31077e-06
0.487 3.56e-07
0.4865 7.39634e-06
0.486 -8.88675e-06
0.4855 -1.8448e-06
0.485 -4.70872e-06
0.4845 1.373163e-05
0.484 2.3407e-06
0.4835 1.15835e-05
0.483 1.58213e-06
0.4825 -8.45262e-06
0.482 3.68262e-06
0.4815 5.81095e-06
0.481 7.94824e-06
0.4805 -4.29136e-06
0.48 2.1583e-06
0.4795 8.62564e-06
0.479 5.00177e-06
0.4785 -8.7632e-06
0.478 -2.28397e-06
0.4775 -4.48954e-06
0.477 -1.61365e-06
0.4765 -1.619889e-05
0.476 -4.58938e-06
0.4755 9.24796e-06
0.475 -3.92182e-06
0.4745 4.09954e-06
0.474 -9.85455e-06
0.4735 9.93151e-06
0.473 -3.76e-07
0.4725 1.81003e-06
0.472 -1.074626e-05
0.4715 -4.88334e-06
0.471 -2.69895e-06
0.4705 9.12283e-06
0.47 -4.98021e-06
0.4695 -1.021561e-05
0.469 -1.695481e-05
0.4685 -2.8481e-06
0.468 -6.4e-07
0.4675 -6.64e-07
0.467 -1.864399e-05
0.4665 2.27774e-06
0.466 1.50706e-06
0.4655 5.23991e-06
0.465 8.23232e-06
0.4645 -3.08382e-06
0.464 7.44797e-06
0.4635 -1.145844e-05
0.463 -8.47645e-06
0.4625 -9.31e-07
0.462 -1.082348e-05
0.4615 -4.78736e-06
0.461 7.64579e-06
0.4605 7.18866e-06
0.46 7.17402e-06
0.4595 -2.1706e-06
0.459 6.41879e-06
0.4585 -1.015031e-05
0.458 -1.740621e-05
0.4575 -8.80216e-06
0.457 -1.10146e-05
0.4565 -5.99445e-06
0.456 1.355802e-05
0.4555 1.209704e-05
0.455 -1.632881e-05
0.4545 -7.63672e-06
0.454 3.28569e-06
0.4535 -1.14006e-06
0.453 3.95981e-06
0.4525 -5.63895e-06
0.452 -1.012036e-05
0.4515 -1.387676e-05
0.451 -4.31782e-06
0.4505 -3.63037e-06
0.45 -1.262127e-05
0.4495 -1.121089e-05
0.449 5.18591e-06
0.4485 -6.11987e-06
0.448 3.6064e-06
0.4475 -6.26126e-06
0.447 -4.85222e-06
0.4465 -8.5135e-06
0.446 -1.43236e-05
0.4455 -7.26131e-06
0.445 -8.07497e-06
0.4445 1.21698e-06
0.444 9.13272e-06
0.4435 9.09802e-06
0.443 -2.64208e-06
0.4425 9.44e-07
0.442 -8.72608e-06
0.4415 8.95196e-06
0.441 -4.50391e-06
0.4405 6.62355e-06
0.44 -1.000138e-05
0.4395 -3.28507e-06
0.439 4.38545e-06
0.4385 6.43701e-06
0.438 4.23847e-06
0.4375 1.29287e-06
0.437 -8.8956e-06
0.4365 1.633552e-05
0.436 6.10686e-06
0.4355 5.29747e-06
0.435 1.9287e-05
0.4345 1.408125e-05
0.434 5.0477e-06
0.4335 2.361746e-05
0.433 3.05481e-05
0.4325 7.68843e-06
0.432 8.33722e-06
0.4315 1.556622e-05
0.431 2.511696e-05
0.4305 3.038467e-05
0.43 2.826202e-05
0.4295 3.30601e-05
0.429 3.692987e-05
0.4285 5.151035e-05
0.428 6.564208e-05
0.4275 6.979465e-05
0.427 8.662422e-05
0.4265 9.779721e-05
0.426 0.00011399508
0.4255 0.00014941539
0.425 0.00015592914
0.4245 0.00017859876
0.424 0.00022534642
0.4235 0.0002687633
0.423 0.00031105801
0.4225 0.000367079
0.422 0.00042660326
0.4215 0.00052920323
0.421 0.0005965177
0.4205 0.00070828073
0.42 0.00082091346
0.4195 0.00094406478
0.419 0.00112746552
0.4185 0.00132151246
0.418 0.00152422801
0.4175 0.00178471342
0.417 0.00209411562
0.4165 0.0024437362
0.416 0.00282407731
0.4155 0.00330432802
0.415 0.00382284015
0.4145 0.00442543775
0.414 0.00514259756
0.4135 0.00591308355
0.413 0.00679432094
0.4125 0.00783334851
0.412 0.00899741411
0.4115 0.01030933499
0.411 0.0118116641
0.4105 0.01346175075
0.41 0.0153178215
0.4095 0.01740253568
0.409 0.01970628142
0.4085 0.02229533672
0.408 0.02516302586
0.4075 0.02827889681
0.407 0.03178602457
0.4065 0.03560458422
0.406 0.03974035263
0.4055 0.0443078661
0.405 0.04922122955
0.4045 0.05465524197
0.404 0.06040538311
0.4035 0.06658741951
0.403 0.07342841625
0.4025 0.08070027351
0.402 0.08836316109
0.4015 0.0965613842
0.401 0.1051132298
0.4005 0.1142968369
0.4 0.1240305614
0.3995 0.1338534069
0.399 0.1445932579
0.3985 0.1556490993
0.398 0.1668911934
0.3975 0.1786709213
0.397 0.1907090569
0.3965 0.2032767677
0.396 0.216123867
0.3955 0.2290690994
0.395 0.2424505234
0.3945 0.2558196449
0.394 0.2694939423
0.3935 0.2834934616
0.393 0.2971320152
0.3925 0.3111616898
0.392 0.324994812
0.3915 0.3384883118
0.391 0.3523839569
0.3905 0.3659137726
0.39 0.3795108414
0.3895 0.3929317474
0.389 0.4058543015
0.3885 0.4186252975
0.388 0.4310889435
0.3875 0.4430822754
0.387 0.4550691223
0.3865 0.4664957047
0.386 0.4775178146
0.3855 0.4884563828
0.385 0.4989732361
0.3845 0.508813324
0.384 0.5185572052
0.3835 0.5276496887
0.383 0.536580925
0.3825 0.5450334549
0.382 0.5528996658
0.3815 0.5604055405
0.381 0.5681710815
0.3805 0.5746073151
0.38 0.5812922287
0.3795 0.5874762726
0.379 0.5930774307
0.3785 0.598302002
0.378 0.6030610657
0.3775 0.6077260971
0.377 0.6119347382
0.3765 0.6160237122
0.376 0.6192370605
0.3755 0.6225722885
0.375 0.6255573654
0.3745 0.6282132721
0.374 0.6305877686
0.3735 0.6327139282
0.373 0.6344900131
0.3725 0.6362060928
0.372 0.6375390244
0.3715 0.6386580658
0.371 0.6394550705
0.3705 0.6396969604
0.37 0.6403266907
0.3695 0.6404824066
0.369 0.6407866669
0.3685 0.6402824402
0.368 0.6400997925
0.3675 0.6393443298
0.367 0.6386858368
0.3665 0.6378308487
0.366 0.6365251541
0.3655 0.6354128647
0.365 0.6340652084
0.3645 0.6326158142
0.364 0.6307875061
0.3635 0.6289002228
0.363 0.6270090866
0.3625 0.6247891235
0.362 0.62229496
0.3615 0.6198214722
0.361 0.6173461533
0.3605 0.6143483353
0.36 0.6116950989
0.3595 0.6083916473
0.359 0.6049622345
0.3585 0.6019241333
0.358 0.5982571411
0.3575 0.5945454788
0.357 0.5907337189
0.3565 0.5865885544
0.356 0.5823005295
0.3555 0.5779488754
0.355 0.5735425949
0.3545 0.5688782501
0.354 0.5641975403
0.3535 0.5592411041
0.353 0.5542895126
0.3525 0.5491010666
0.352 0.5435365295
0.3515 0.5378789902
0.351 0.531930809
0.3505 0.5261648941
0.35 0.520071373
0.3495 0.5137836838
0.349 0.507262001
0.3485 0.5003392029
0.348 0.4934410858
0.3475 0.4865626907
0.347 0.4792475128
0.3465 0.4721039963
0.346 0.4645756531
0.3455 0.4566167831
0.345 0.4486132431
0.3445 0.4409296036
0.344 0.4325074768
0.3435 0.4239657974
0.343 0.4155776978
0.3425 0.4067388535
0.342 0.3979001236
0.3415 0.3887561035
0.341 0.3794564438
0.3405 0.3701091003
0.34 0.3606238556
0.3395 0.3508564758
0.339 0.3411233902
0.3385 0.3305501175
0.338 0.3205805206
0.3375 0.3100921822
0.337 0.2999902916
0.3365 0.2897159195
0.336 0.2790300751
0.3355 0.2683058929
0.335 0.2575052452
0.3345 0.2468099594
0.334 0.2362417603
0.3335 0.2255347061
0.333 0.2148851585
0.3325 0.2043271255
0.332 0.1936421585
0.3315 0.1832936096
0.331 0.1729029274
0.3305 0.1626415634
0.33 0.1527621555
0.3295 0.1426504707
0.329 0.1330919456
0.3285 0.1238111305
0.328 0.1146530819
0.3275 0.1058239555
0.327 0.09731628418
0.3265 0.08891338348
0.326 0.08104710579
0.3255 0.07340934277
0.325 0.06623749256
0.3245 0.05955428123
0.324 0.05308748722
0.3235 0.0470872879
0.323 0.04155767918
0.3225 0.03632610321
0.322 0.0316392827
0.3215 0.02726124525
0.321 0.02334327698
0.3205 0.01988285065
0.32 0.01664429188
0.3195 0.01392201781
0.319 0.01149823904
0.3185 0.00939033926
0.318 0.00758494794
0.3175 0.00603389084
0.317 0.00473890275
0.3165 0.00369304806
0.316 0.00279881746
0.3155 0.00210599095
0.315 0.00156836003
0.3145 0.00114803217
0.314 0.00081571333
0.3135 0.00058186002
0.313 0.00038829271
0.3125 0.00026739053
0.312 0.00016809687
0.3115 8.935694e-05
0.311 6.783938e-05
0.3105 3.514681e-05
0.31 1.811201e-05
0.3095 9.50731e-06
0.309 4.17459e-06
0.3085 7.4548e-06
0.308 -5.74465e-06
0.3075 -1.30827e-05
0.307 1.013109e-05
0.3065 -3.9874e-06
0.306 -7.71e-07
0.3055 -7.89139e-06
0.305 -1.1534e-06
0.3045 -6.90328e-06
0.304 -1.118327e-05
0.3035 3.04162e-06
0.303 -3.75763e-06
0.3025 -6.04991e-06
0.302 -5.83245e-06
0.3015 -1.47382e-05
0.301 -1.681827e-05
0.3005 5.81861e-06
0.3 -1.109398e-05
0.2995 1.2343e-06
0.299 -6.69696e-06
0.2985 -1.68718e-05
0.298 2.9983e-06
0.2975 -7.29465e-06
0.297 -6.63399e-06
0.2965 1.261e-06
0.296 8.9443e-06
0.2955 -8.76319e-06
0.295 -6.5997e-06
0.2945 -1.56524e-06
0.294 3.08287e-06
0.2935 3.90332e-06
0.293 -3.3503e-06
0.2925 -4.89206e-06
0.292 -2.93023e-06
0.2915 3.64316e-06
0.291 -6.33969e-06
0.2905 -1.539747e-05
0.29 4.78e-07
0.2895 8.60615e-06
0.289 -1.089408e-05
0.2885 6.97244e-06
0.288 -2.37213e-06
0.2875 -1.208003e-05
0.287 -2.47e-08
0.2865 4.00431e-06
0.286 -1.376603e-05
0.2855 -1.88053e-06
0.285 -4.16127e-06
0.2845 -1.010861e-05
0.284 1.27291e-06
0.2835 -4.77469e-06
0.283 1.77361e-06
0.2825 1.3102e-06
0.282 -3.56475e-06
0.2815 -1.769654e-05
0.281 -1.111735e-05
0.2805 1.83e-07
0.28 3.77e-07
0.2795 -1.39537e-06
0.279 7.75654e-06
0.2785 -1.052047e-05
0.278 -6.48486e-06
0.2775 -5.22e-08
0.277 -3.05494e-06
0.2765 3.2e-07
0.276 1.026299e-05
0.2755 -6.72e-07
0.275 -4.3593e-06
0.2745 -1.622898e-05
0.274 -9.02591e-06
0.2735 -1.503893e-05
0.273 3.16575e-06
0.2725 2.17121e-06
0.272 8.98604e-06
0.2715 -1.631263e-05
0.271 -4.43163e-06
0.2705 -2.32319e-06
0.27 2.27285e-06
0.2695 1.307754e-05
0.269 3.14167e-06
0.2685 1.175869e-05
0.268 -2.65e-07
0.2675 -1.4552e-05
0.267 -1.27741e-06
0.2665 1.306278e-05
0.266 -5.45371e-06
0.2655 -2.09603e-06
0.265 2.45962e-06
0.2645 -4.92099e-06
0.264 -8.77961e-06
0.2635 -1.024334e-05
0.263 -8.72609e-06
0.2625 -4.60634e-06
0.262 -2.50687e-06
0.2615 1.50097e-06
0.261 3.14e-07
0.2605 4.89006e-06
0.26 -2.0268e-06
0.2595 -6.9694e-06
0.259 -1.624837e-05
0.2585 2.17882e-06
0.258 -1.234403e-05
0.2575 -6.86225e-06
0.257 4.53785e-06
0.2565 2.61999e-06
0.256 -1.25876e-06
0.2555 -1.362393e-05
0.255 3.45972e-06
0.2545 9.11e-07
0.254 -1.265431e-05
0.2535 -8.05328e-06
0.253 1.04114e-06
0.2525 -4.73791e-06
0.252 -8.56575e-06
0.2515 -1.047017e-05
0.251 -2.07794e-06
0.2505 -1.042332e-05
0.25 1.16392e-06
0.2495 -2.04385e-06
0.249 -9.11385e-06
0.2485 2.48465e-06
0.248 1.022037e-05
0.2475 -5.82945e-06
0.247 -5.79641e-06
0.2465 -1.600676e-05
0.246 8.37612e-06
0.2455 1.37954e-06
0.245 -3.0709e-06
0.2445 -9.21839e-06
0.244 -1.188665e-05
0.2435 -7.74729e-06
0.243 -7.70844e-06
0.2425 -1.653516e-05
0.242 5.93063e-06
0.2415 -2.91919e-06
0.241 -1.043056e-05
0.2405 -4.31094e-06
0.24 -5.01391e-06
0.2395 -5.03488e-06
0.239 -1.63513e-06
0.2385 8.65804e-06
0.238 -1.7015e-06
0.2375 -7.97904e-06
0.237 3.0617e-06
0.2365 -2.558953e-05
0.236 2.27224e-06
0.2355 -7.64551e-06
0.235 -9.8857e-06
0.2345 -5.03714e-06
0.234 -8.59e-07
0.2335 4.08837e-06
0.233 3.78e-07
0.2325 -7.05565e-06
0.232 -4.28316e-06
0.2315 -1.114779e-05
0.231 -1.60852e-06
0.2305 -2.55497e-06
0.23 -1.699452e-05
0.2295 -6.35e-08
0.229 -2.3982e-06
0.2285 4.75442e-06
0.228 -1.317102e-05
0.2275 -3.00009e-06
0.227 2.84972e-06
0.2265 -1.309575e-05
0.226 -1.675316e-05
0.2255 3.35403e-06
0.225 -7.27691e-06
0.2245 -3.0958e-06
0.224 -3.37026e-06
0.2235 -5.83774e-06
0.223 -3.23e-07
0.2225 -2.13674e-06
0.222 -9.57e-07
0.2215 -1.113111e-05
0.221 -1.78666e-06
0.2205 -2.93978e-06
0.22 -8.56262e-06
0.2195 -1.115988e-05
0.219 -1.412642e-05
0.2185 -5.65212e-06
0.218 -8.24e-09
0.2175 -1.268419e-05
0.217 -3.34882e-06
0.2165 -7.58943e-06
0.216 9.24967e-06
0.2155 2.53163e-06
0.215 1.167412e-05
0.2145 2.20928e-06
0.214 -5.36615e-06
0.2135 -6.29e-07
0.213 -2.76525e-06
0.2125 2.66552e-06
0.212 -6.43342e-06
0.2115 1.24295e-05
0.211 1.094064e-05
0.2105 1.407767e-05
0.21 -1.347582e-05
0.2095 -1.87801e-06
0.209 5.79448e-06
0.2085 6.95165e-06
0.208 -3.27284e-06
0.2075 4.672e-06
0.207 -4.74733e-06
0.2065 -3.16004e-06
0.206 -3.089239e-05
0.2055 -8.7834e-06
0.205 -1.530513e-05
0.2045 1.112383e-05
0.204 -1.570635e-05
0.2035 -5.11882e-06
0.203 -1.482276e-05
0.2025 8.14993e-06
0.202 1.539799e-05
0.2015 -7.89654e-06
0.201 -1.799042e-05
0.2005 -2.598214e-05
0.2 -2.12297e-05
