1.1 -4.948195e-05
1.0995 -1.661456e-05
1.099 -6.440893e-05
1.0985 -5.908084e-05
1.098 -7.255035e-05
1.0975 -3.544924e-05
1.097 -6.753332e-05
1.0965 -6.039485e-05
1.096 -8.93336e-06
1.0955 -3.74393e-05
1.095 -6.603645e-05
1.0945 -6.857583e-05
1.094 -4.171478e-05
1.0935 -1.495659e-05
1.093 -3.740773e-05
1.0925 -3.58735e-05
1.092 -6.290492e-05
1.0915 -3.734234e-05
1.091 -7.266548e-05
1.0905 -8.011438e-05
1.09 -5.406359e-05
1.0895 -5.943833e-05
1.089 -4.326391e-05
1.0885 -0.00010785056
1.088 -6.312053e-05
1.0875 -2.493487e-05
1.087 -7.915364e-05
1.0865 -8.246964e-05
1.086 -8.718817e-05
1.0855 -6.597184e-05
1.085 -5.082486e-05
1.0845 -4.275651e-05
1.084 -5.816597e-05
1.0835 -3.964641e-05
1.083 -8.170879e-05
1.0825 -8.057274e-05
1.082 -3.217974e-05
1.0815 -5.349506e-05
1.081 -9.733013e-05
1.0805 -6.256119e-05
1.08 -2.5752e-06
1.0795 -5.286772e-05
1.079 -8.253716e-05
1.0785 -3.47735e-05
1.078 -2.233434e-05
1.0775 -0.00010535113
1.077 -0.00010245848
1.0765 -1.257956e-05
1.076 -3.88401e-05
1.0755 -4.034542e-05
1.075 -4.929832e-05
1.0745 -2.980085e-05
1.074 -4.689065e-05
1.0735 -5.144402e-05
1.073 -7.072072e-05
1.0725 -6.947286e-05
1.072 -7.058744e-05
1.0715 -4.317206e-05
1.071 1.673726e-05
1.0705 -5.962988e-05
1.07 -5.81931e-05
1.0695 -5.404177e-05
1.069 -7.722329e-05
1.0685 -2.092377e-05
1.068 -6.341302e-05
1.0675 -8.229309e-05
1.067 -2.334049e-05
1.0665 -4.284507e-05
1.066 -7.365392e-05
1.0655 -6.651651e-05
1.065 -6.606354e-05
1.0645 -5.615693e-05
1.064 -5.917861e-05
1.0635 -1.539383e-05
1.063 -6.31506e-05
1.0625 -2.778617e-05
1.062 -5.177589e-05
1.0615 -8.32529e-05
1.061 -2.256232e-05
1.0605 -4.159233e-05
1.06 -7.280223e-05
1.0595 -3.931391e-05
1.059 -6.070919e-05
1.0585 -4.466925e-05
1.058 -6.509829e-05
1.0575 -5.984307e-05
1.057 -5.673391e-05
1.0565 -6.607238e-05
1.056 -6.931234e-05
1.0555 -6.717063e-05
1.055 -5.981151e-05
1.0545 -1.286422e-05
1.054 -6.667851e-05
1.0535 -6.960597e-05
1.053 -4.084323e-05
1.0525 -6.796314e-05
1.052 -6.607838e-05
1.0515 -2.729763e-05
1.051 -8.488524e-05
1.0505 -4.286502e-05
1.05 -9.421434e-05
1.0495 -1.834075e-05
1.049 -1.364638e-05
1.0485 -4.089869e-05
1.048 -6.674942e-05
1.0475 -1.759767e-05
1.047 -7.127516e-05
1.0465 -8.329398e-05
1.046 -1.244761e-05
1.0455 -4.287764e-05
1.045 -7.744524e-05
1.0445 -1.792071e-05
1.044 -4.744861e-05
1.0435 -4.088625e-05
1.043 -4.306286e-05
1.0425 -7.853826e-05
1.042 -3.969369e-05
1.0415 -5.553947e-05
1.041 -6.278452e-05
1.0405 -5.211674e-05
1.04 -2.172913e-05
1.0395 -6.923135e-05
1.039 -7.314998e-05
1.0385 -4.441832e-05
1.038 -7.438794e-05
1.0375 -3.718109e-05
1.037 -2.66977e-05
1.0365 -5.73541e-05
1.036 -4.846169e-05
1.0355 -6.751291e-05
1.035 -5.015929e-05
1.0345 -7.325359e-05
1.034 -5.068663e-05
1.0335 -6.374312e-05
1.033 -2.467207e-05
1.0325 -7.587019e-05
1.032 -5.473434e-05
1.0315 -5.882128e-05
1.031 -6.13699e-05
1.0305 -3.526081e-05
1.03 -5.521622e-05
1.0295 -1.130498e-05
1.029 -5.759699e-05
1.0285 -9.629046e-05
1.028 -8.65682e-06
1.0275 -5.397725e-05
1.027 -5.939208e-05
1.0265 -3.800321e-05
1.026 -4.154727e-05
1.0255 -9.71202e-05
1.025 -3.968694e-05
1.0245 -7.977466e-05
1.024 -1.934446e-05
1.0235 -2.89096e-05
1.023 -4.701907e-05
1.0225 -3.509381e-05
1.022 -7.443037e-05
1.0215 -5.834338e-05
1.021 -1.119053e-05
1.0205 -1.59742e-05
1.02 -6.522734e-05
1.0195 -3.157308e-05
1.019 -8.627648e-05
1.0185 -3.992142e-05
1.018 -5.267273e-05
1.0175 -3.826154e-05
1.017 -2.236145e-05
1.0165 -6.654439e-05
1.016 -7.911403e-05
1.0155 -2.229306e-05
1.015 -3.425966e-05
1.0145 -5.974646e-05
1.014 -7.012642e-05
1.0135 -1.595177e-05
1.013 -6.044939e-05
1.0125 -9.687921e-05
1.012 4.35566e-06
1.0115 -1.59943e-06
1.011 -6.358976e-05
1.0105 -7.209683e-05
1.01 -3.566614e-05
1.0095 -6.04869e-05
1.009 -3.973394e-05
1.0085 -1.705714e-05
1.008 -4.474233e-05
1.0075 -6.32892e-05
1.007 -3.722998e-05
1.0065 -1.271183e-05
1.006 -3.261961e-05
1.0055 -6.645045e-05
1.005 -2.007846e-05
1.0045 -3.798954e-05
1.004 -6.189555e-05
1.0035 -6.019443e-05
1.003 -3.75133e-05
1.0025 -7.611722e-05
1.002 -8.83216e-06
1.0015 -5.51667e-06
1.001 -4.41671e-05
1.0005 -6.511489e-05
1.0 -6.035342e-05
0.9995 -3.786867e-05
0.999 -4.366451e-05
0.9985 -4.745308e-05
0.998 -3.536369e-05
0.9975 -3.571211e-05
0.997 -6.479595e-05
0.9965 -3.433211e-05
0.996 -6.635095e-05
0.9955 -4.68992e-05
0.995 -3.627453e-05
0.9945 -4.05577e-05
0.994 -4.151292e-05
0.9935 -5.810848e-05
0.993 -3.961341e-05
0.9925 -6.039112e-05
0.992 -2.614361e-05
0.9915 -5.425127e-05
0.991 -7.287241e-05
0.9905 -6.169829e-05
0.99 -3.116539e-05
0.9895 -4.00768e-05
0.989 -7.72392e-05
0.9885 -5.847954e-05
0.988 -3.849178e-05
0.9875 -3.817715e-05
0.987 -4.708024e-05
0.9865 -6.872369e-05
0.986 -4.277108e-05
0.9855 -2.995897e-05
0.985 -3.612704e-05
0.9845 -3.745032e-05
0.984 -4.964845e-05
0.9835 -4.644202e-05
0.983 -4.511774e-05
0.9825 -5.290879e-05
0.982 -6.920476e-05
0.9815 -2.27096e-05
0.981 -7.291888e-05
0.9805 -5.985565e-05
0.98 -1.080834e-05
0.9795 -8.120648e-05
0.979 -8.88102e-06
0.9785 -3.476979e-05
0.978 -7.318537e-05
0.9775 -5.072541e-05
0.977 -1.133014e-05
0.9765 -5.354072e-05
0.976 -7.300171e-05
0.9755 -3.732053e-05
0.975 -5.955661e-05
0.9745 -7.162332e-05
0.974 -2.906931e-05
0.9735 -1.535894e-05
0.973 -4.314887e-05
0.9725 -5.26326e-05
0.972 -3.189434e-05
0.9715 -2.082813e-05
0.971 -6.955614e-05
0.9705 -5.519023e-05
0.97 -3.486641e-05
0.9695 -6.863174e-05
0.969 -5.656732e-05
0.9685 -3.411602e-05
0.968 -3.965902e-05
0.9675 -9.969338e-05
0.967 -3.895998e-05
0.9665 -5.169326e-05
0.966 -5.372112e-05
0.9655 -5.024161e-05
0.965 -1.736276e-05
0.9645 -1.574168e-05
0.964 -4.8353e-05
0.9635 -4.285168e-05
0.963 -3.496141e-05
0.9625 -2.916266e-05
0.962 -5.235431e-05
0.9615 -6.554258e-05
0.961 1.20504e-06
0.9605 2.98529e-06
0.96 -5.475814e-05
0.9595 -4.985559e-05
0.959 -5.110987e-05
0.9585 -5.570211e-05
0.958 -4.418044e-05
0.9575 -5.975293e-05
0.957 -5.425092e-05
0.9565 -1.835471e-05
0.956 -4.105332e-05
0.9555 -5.095812e-05
0.955 -5.340377e-05
0.9545 -2.821351e-05
0.954 -3.864917e-05
0.9535 -6.733176e-05
0.953 -6.124617e-05
0.9525 -4.228577e-05
0.952 -2.792136e-05
0.9515 -5.510608e-05
0.951 -4.903647e-05
0.9505 -7.865882e-05
0.95 -2.12469e-06
0.9495 -7.484577e-05
0.949 -4.201638e-05
0.9485 -1.084487e-05
0.948 -7.14158e-05
0.9475 -2.242603e-05
0.947 -7.079529e-05
0.9465 -2.782292e-05
0.946 -2.709731e-05
0.9455 -6.355452e-05
0.945 -7.67415e-05
0.9445 -3.075691e-05
0.944 -3.481213e-05
0.9435 -4.212045e-05
0.943 -2.503382e-05
0.9425 -4.650188e-05
0.942 -5.274781e-05
0.9415 -2.338408e-05
0.941 -5.083008e-05
0.9405 -5.121933e-05
0.94 -5.81091e-05
0.9395 -4.26674e-05
0.939 -7.18161e-06
0.9385 -4.597079e-05
0.938 -6.75826e-05
0.9375 -7.057904e-05
0.937 -2.22288e-05
0.9365 -4.67626e-06
0.936 -4.585246e-05
0.9355 -5.415404e-05
0.935 -8.406028e-05
0.9345 -3.310029e-05
0.934 -4.91164e-06
0.9335 -4.922529e-05
0.933 -5.132173e-05
0.9325 -8.10862e-06
0.932 -1.394091e-05
0.9315 -4.641552e-05
0.931 -8.695187e-05
0.9305 -1.026414e-05
0.93 -5.304279e-05
0.9295 -3.13703e-05
0.929 -2.83e-07
0.9285 -0.00011839043
0.928 -4.233279e-05
0.9275 -6.07293e-06
0.927 -5.476551e-05
0.9265 -9.124153e-05
0.926 -6.051767e-05
0.9255 7.48951e-06
0.925 -1.802974e-05
0.9245 -2.861336e-05
0.924 -5.961604e-05
0.9235 -1.653371e-05
0.923 -2.55832e-05
0.9225 -2.829284e-05
0.922 -2.224504e-05
0.9215 -1.301163e-05
0.921 -4.916453e-05
0.9205 -6.737885e-05
0.92 -2.506418e-05
0.9195 -3.527689e-05
0.919 -7.220801e-05
0.9185 -2.081311e-05
0.918 -2.821714e-05
0.9175 -5.276285e-05
0.917 -4.660354e-05
0.9165 -3.209868e-05
0.916 -3.785849e-05
0.9155 -4.933729e-05
0.915 -1.01906e-05
0.9145 -4.016278e-05
0.914 -7.3228e-05
0.9135 -4.629212e-05
0.913 -3.192472e-05
0.9125 -4.786184e-05
0.912 -7.018382e-05
0.9115 -6.255981e-05
0.911 -2.815395e-05
0.9105 -1.656638e-05
0.91 -4.575519e-05
0.9095 -6.151647e-05
0.909 -5.125422e-05
0.9085 -4.946072e-05
0.908 -3.810881e-05
0.9075 -1.258689e-05
0.907 -2.810942e-05
0.9065 -2.758628e-05
0.906 -3.912229e-05
0.9055 -1.514665e-05
0.905 -1.720375e-05
0.9045 9.60557e-06
0.904 -4.638184e-05
0.9035 -4.841486e-05
0.903 3.239032e-05
0.9025 -3.018829e-05
0.902 -6.699537e-05
0.9015 -1.295875e-05
0.901 -3.50603e-06
0.9005 -5.368183e-05
0.9 -5.465211e-05
0.8995 -2.274759e-05
0.899 -2.94659e-06
0.8985 -2.41621e-06
0.898 6.25e-07
0.8975 1.305331e-05
0.897 3.048772e-05
0.8965 3.336227e-05
0.896 -2.923145e-05
0.8955 1.617279e-05
0.895 -3.143808e-05
0.8945 -9.6817e-06
0.894 1.244323e-05
0.8935 1.429352e-05
0.893 1.92576e-06
0.8925 2.817495e-05
0.892 -1.322844e-05
0.8915 -1.24561e-05
0.891 1.04894e-06
0.8905 -1.7367e-06
0.89 1.615898e-05
0.8895 -2.231061e-05
0.889 -6.0972e-06
0.8885 -3.20276e-06
0.888 1.745536e-05
0.8875 -1.224244e-05
0.887 1.560145e-05
0.8865 -1.283348e-05
0.886 -1.050296e-05
0.8855 2.93852e-06
0.885 -1.144118e-05
0.8845 4.38739e-06
0.884 -5.99539e-06
0.8835 2.12931e-06
0.883 -1.217939e-05
0.8825 -5.60761e-06
0.882 -1.006863e-05
0.8815 2.97159e-06
0.881 1.00565e-06
0.8805 4.74018e-06
0.88 -6.20511e-06
0.8795 -1.83783e-06
0.879 5.01996e-06
0.8785 -3.71449e-06
0.878 3.08576e-06
0.8775 -6.33885e-06
0.877 -5.80139e-06
0.8765 -3.9267e-06
0.876 -9.0904e-06
0.8755 -1.287436e-05
0.875 -4.10448e-06
0.8745 -7.2385e-06
0.874 2.86942e-06
0.8735 -6.01889e-06
0.873 5.44991e-06
0.8725 -1.10982e-05
0.872 -1.173015e-05
0.8715 -8.5376e-06
0.871 -1.046263e-05
0.8705 -8.85e-07
0.87 8.02574e-06
0.8695 -5.90263e-06
0.869 -7.72e-07
0.8685 4.96073e-06
0.868 4.3546e-06
0.8675 6.89505e-06
0.867 3.74086e-06
0.8665 4.43286e-06
0.866 -6.13794e-06
0.8655 1.635562e-05
0.865 9.93991e-06
0.8645 -9.8e-07
0.864 1.66133e-06
0.8635 1.69956e-06
0.863 5.59295e-06
0.8625 -7.03594e-06
0.862 -4.3757e-06
0.8615 7.51545e-06
0.861 -1.10642e-06
0.8605 1.55698e-06
0.86 -8.75044e-06
0.8595 1.005216e-05
0.859 -1.365767e-05
0.8585 -1.3294e-06
0.858 -3.78656e-06
0.8575 -9.40017e-06
0.857 -7.00945e-06
0.8565 -3.94e-07
0.856 6.18774e-06
0.8555 -1.184346e-05
0.855 1.17752e-06
0.8545 -5.77655e-06
0.854 3.89033e-06
0.8535 -5.90601e-06
0.853 -3.28546e-06
0.8525 -3.74465e-06
0.852 -6.80289e-06
0.8515 -7.59672e-06
0.851 -4.24306e-06
0.8505 -4.80029e-06
0.85 -8.65317e-06
0.8495 -1.507805e-05
0.849 -4.63619e-06
0.8485 3.22947e-06
0.848 -1.163432e-05
0.8475 -2.377779e-05
0.847 2.20002e-06
0.8465 -2.44524e-06
0.846 -7.06513e-06
0.8455 2.78e-07
0.845 -1.233011e-05
0.8445 -6.34426e-06
0.844 3.03078e-06
0.8435 3.71809e-06
0.843 -1.092014e-05
0.8425 -2.71e-07
0.842 -6.3009e-06
0.8415 -2.34761e-06
0.841 5.04841e-06
0.8405 -1.051295e-05
0.84 9.07321e-06
0.8395 -1.537832e-05
0.839 -1.891247e-05
0.8385 3.54159e-06
0.838 2.66246e-06
0.8375 -8.79596e-06
0.837 -8.30338e-06
0.8365 -3.01308e-06
0.836 -4.55105e-06
0.8355 1.43179e-06
0.835 -1.555017e-05
0.8345 -8.25181e-06
0.834 -3.68494e-06
0.8335 -1.011793e-05
0.833 -7.99543e-06
0.8325 -1.49193e-06
0.832 -5.87913e-06
0.8315 2.77517e-06
0.831 -3.50976e-06
0.8305 -3.11298e-06
0.83 7.49e-07
0.8295 -2.19777e-06
0.829 -1.10145e-06
0.8285 -1.29025e-05
0.828 -1.408269e-05
0.8275 -3.41009e-06
0.827 1.147989e-05
0.8265 -7.57385e-06
0.826 -1.63668e-06
0.8255 -1.887786e-05
0.825 -3.00279e-06
0.8245 -2.027794e-05
0.824 3.18536e-06
0.8235 7.12838e-06
0.823 -1.786017e-05
0.8225 3.32633e-06
0.822 -1.31591e-05
0.8215 5.08e-07
0.821 3.59954e-06
0.8205 -4.62424e-06
0.82 -1.83e-07
0.8195 -4.73113e-06
0.819 9.94e-07
0.8185 -9.18e-07
0.818 2.149e-06
0.8175 -1.462093e-05
0.817 1.78152e-06
0.8165 1.576235e-05
0.816 -2.6909e-06
0.8155 -1.597641e-05
0.815 -6.86173e-06
0.8145 -1.529684e-05
0.814 6.44247e-06
0.8135 -1.9704e-06
0.813 -1.798022e-05
0.8125 -1.00308e-05
0.812 5.55e-07
0.8115 -2.75111e-06
0.811 -8.39318e-06
0.8105 -5.57102e-06
0.81 -1.78075e-06
0.8095 -1.397791e-05
0.809 -1.664962e-05
0.8085 -8.58019e-06
0.808 3.65598e-06
0.8075 -8.99176e-06
0.807 1.857307e-05
0.8065 -1.152207e-05
0.806 -4.41708e-06
0.8055 -1.610205e-05
0.805 -7.67153e-06
0.8045 -6.87031e-06
0.804 -5.40689e-06
0.8035 -1.24044e-06
0.803 -1.292335e-05
0.8025 -4.7754e-06
0.802 -1.708243e-05
0.8015 -5.35673e-06
0.801 -1.107894e-05
0.8005 -1.749502e-05
0.8 -1.525917e-05
0.7995 -1.446418e-05
0.799 3.33793e-06
0.7985 -1.08828e-06
0.798 -9.19862e-06
0.7975 -4.48499e-06
0.797 5.30956e-06
0.7965 -3.36484e-06
0.796 -1.72881e-06
0.7955 -1.15e-07
0.795 -3.51535e-06
0.7945 8.98e-07
0.794 3.54e-07
0.7935 -7.80059e-06
0.793 1.025152e-05
0.7925 -1.181972e-05
0.792 -3.27398e-06
0.7915 -7.40245e-06
0.791 4.95933e-06
0.7905 -1.190635e-05
0.79 -1.232498e-05
0.7895 -2.33548e-06
0.789 6.08833e-06
0.7885 -1.96823e-06
0.788 9.49e-07
0.7875 3.32143e-06
0.787 2.02004e-06
0.7865 2.87086e-06
0.786 3.71326e-06
0.7855 5.2306e-06
0.785 -7.04718e-06
0.7845 -1.567216e-05
0.784 -1.2332e-06
0.7835 -4.01125e-06
0.783 1.94788e-06
0.7825 -7.15505e-06
0.782 -4.09399e-06
0.7815 -1.01591e-05
0.781 6.66959e-06
0.7805 -1.42647e-06
0.78 1.362451e-05
0.7795 -5.9713e-06
0.779 -3.11082e-06
0.7785 -5.04438e-06
0.778 9.25338e-06
0.7775 -8.77179e-06
0.777 -1.195395e-05
0.7765 -4.83742e-06
0.776 -1.878693e-05
0.7755 -5.94407e-06
0.775 -4.49827e-06
0.7745 -5.69833e-06
0.774 9.95025e-06
0.7735 -3.84052e-06
0.773 -1.04954e-05
0.7725 -8.16313e-06
0.772 -2.63112e-06
0.7715 -9.74554e-06
0.771 -1.303455e-05
0.7705 -3.54589e-06
0.77 -2.62699e-06
0.7695 -1.209287e-05
0.769 -5.64398e-06
0.7685 -6.07692e-06
0.768 -2.60598e-06
0.7675 -9.72294e-06
0.767 5.22e-07
0.7665 -1.66e-08
0.766 -6.8092e-06
0.7655 3.77802e-06
0.765 -2.24029e-06
0.7645 -1.21802e-05
0.764 -7.50105e-06
0.7635 -8.27247e-06
0.763 3.36599e-06
0.7625 4.21216e-06
0.762 -3.29225e-06
0.7615 -2.40187e-06
0.761 2.54535e-06
0.7605 -8.08001e-06
0.76 6.44683e-06
0.7595 -4.53584e-06
0.759 8.38496e-06
0.7585 1.056886e-05
0.758 5.83266e-06
0.7575 1.81651e-05
0.757 -8.69318e-06
0.7565 -4.63e-07
0.756 -8.13098e-06
0.7555 -1.51657e-06
0.755 3.55572e-06
0.7545 1.333919e-05
0.754 4.51969e-06
0.7535 -8.14161e-06
0.753 -1.26822e-06
0.7525 1.60478e-05
0.752 2.242108e-05
0.7515 6.95739e-06
0.751 1.052514e-05
0.7505 2.016746e-05
0.75 9.97952e-06
0.7495 3.35812e-06
0.749 1.742076e-05
0.7485 7.50353e-06
0.748 1.111094e-05
0.7475 2.019011e-05
0.747 2.700704e-05
0.7465 2.213468e-05
0.746 2.006152e-05
0.7455 1.670251e-05
0.745 1.386143e-05
0.7445 2.722601e-05
0.744 1.946706e-05
0.7435 1.668838e-05
0.743 3.024989e-05
0.7425 1.534115e-05
0.742 2.197891e-05
0.7415 3.714565e-05
0.741 1.737095e-05
0.7405 2.569256e-05
0.74 1.871974e-05
0.7395 1.326468e-05
0.739 3.411354e-05
0.7385 3.655887e-05
0.738 3.716399e-05
0.7375 3.146589e-05
0.737 3.059163e-05
0.7365 4.007996e-05
0.736 4.66432e-05
0.7355 4.763795e-05
0.735 4.326885e-05
0.7345 6.047784e-05
0.734 5.330534e-05
0.7335 5.635983e-05
0.733 5.867291e-05
0.7325 6.090625e-05
0.732 5.904777e-05
0.7315 6.988946e-05
0.731 7.131087e-05
0.7305 6.935091e-05
0.73 8.614629e-05
0.7295 7.776666e-05
0.729 9.066744e-05
0.7285 0.00010053426
0.728 8.693795e-05
0.7275 0.00011277521
0.727 0.00010502448
0.7265 0.00010818169
0.726 0.00011328083
0.7255 0.00012368719
0.725 0.00014389577
0.7245 0.00016023308
0.724 0.00015405351
0.7235 0.00015953233
0.723 0.00017306251
0.7225 0.00017739244
0.722 0.00019785503
0.7215 0.00020169504
0.721 0.00021088187
0.7205 0.00020446746
0.72 0.00022724818
0.7195 0.00023103319
0.719 0.00023730053
0.7185 0.00025898969
0.718 0.00028077848
0.7175 0.00029997151
0.717 0.00030104781
0.7165 0.00031192476
0.716 0.00033162076
0.7155 0.00036237005
0.715 0.00037341475
0.7145 0.00039154027
0.714 0.00041267477
0.7135 0.00044271104
0.713 0.00045470539
0.7125 0.00046423227
0.712 0.00049695354
0.7115 0.0005191518
0.711 0.00055761643
0.7105 0.00057004973
0.71 0.00059723824
0.7095 0.00063475892
0.709 0.00064884402
0.7085 0.00069421567
0.708 0.00072629765
0.7075 0.0007602337
0.707 0.00080663078
0.7065 0.00083722115
0.706 0.00088777304
0.7055 0.00092415296
0.705 0.00097508125
0.7045 0.00101784244
0.704 0.00106412172
0.7035 0.00111565679
0.703 0.00115886129
0.7025 0.00123094335
0.702 0.00128887355
0.7015 0.00134910077
0.701 0.00140591785
0.7005 0.00147627547
0.7 0.00154295832
0.6995 0.00161848038
0.699 0.00167844623
0.6985 0.00176720485
0.698 0.00184153155
0.6975 0.00191407114
0.697 0.00201454878
0.6965 0.002108749
0.696 0.00220927298
0.6955 0.00231022298
0.695 0.00241041139
0.6945 0.00251404584
0.694 0.00264168084
0.6935 0.0027514118
0.693 0.00287860483
0.6925 0.00301988483
0.692 0.00315038532
0.6915 0.00328110576
0.691 0.00343728572
0.6905 0.00357972354
0.69 0.00374686688
0.6895 0.00390985012
0.689 0.00406356841
0.6885 0.00426207006
0.688 0.00442937076
0.6875 0.00462327838
0.687 0.00483115435
0.6865 0.00502316713
0.686 0.00523774266
0.6855 0.00546111405
0.685 0.0056866914
0.6845 0.00593928814
0.684 0.00618537903
0.6835 0.00643499553
0.683 0.00671854317
0.6825 0.00699908018
0.682 0.00727559507
0.6815 0.00758093
0.681 0.00787006199
0.6805 0.00820583463
0.68 0.00854550123
0.6795 0.00889567196
0.679 0.0092514807
0.6785 0.00960958839
0.678 0.0099791044
0.6775 0.01036977291
0.677 0.01076592684
0.6765 0.0111888504
0.676 0.01162640929
0.6755 0.01209162831
0.675 0.01254968762
0.6745 0.01304362655
0.674 0.0135197413
0.6735 0.01405288219
0.673 0.01458825111
0.6725 0.01512484789
0.672 0.01569044232
0.6715 0.0162697494
0.671 0.01689406276
0.6705 0.01752704144
0.67 0.01815524101
0.6695 0.01881644726
0.669 0.01948992133
0.6685 0.02018538713
0.668 0.02091055155
0.6675 0.02163750172
0.667 0.02241935015
0.6665 0.0232175684
0.666 0.02400501966
0.6655 0.02487024307
0.665 0.02572211027
0.6645 0.02660189629
0.664 0.02752418041
0.6635 0.02842942715
0.663 0.02939777374
0.6625 0.03040783405
0.662 0.03139234304
0.6615 0.0324857235
0.661 0.03358360767
0.6605 0.03465288877
0.66 0.03582280159
0.6595 0.03698195934
0.659 0.03814199448
0.6585 0.03938443184
0.658 0.0406126833
0.6575 0.04192415237
0.657 0.04324138641
0.6565 0.04456466675
0.656 0.04596109867
0.6555 0.04736843109
0.655 0.04884883881
0.6545 0.05034593582
0.654 0.05183220863
0.6535 0.05342235565
0.653 0.0549940443
0.6525 0.05661710262
0.652 0.05839880943
0.6515 0.06007678509
0.651 0.06184886456
0.6505 0.06363815784
0.65 0.06542395115
0.6495 0.06734839916
0.649 0.06924304962
0.6485 0.07114603996
0.648 0.07322494507
0.6475 0.07523646355
0.647 0.07730145931
0.6465 0.07941412926
0.646 0.08151580811
0.6455 0.08377114296
0.645 0.08600567818
0.6445 0.08821162224
0.644 0.09059548378
0.6435 0.0929284668
0.643 0.09535349846
0.6425 0.09785835266
0.642 0.1003351021
0.6415 0.1029586029
0.641 0.1055175686
0.6405 0.1081656933
0.64 0.1108197689
0.6395 0.1135905266
0.639 0.1163498116
0.6385 0.1193331242
0.638 0.1221404839
0.6375 0.1251053524
0.637 0.1281057549
0.6365 0.131034565
0.636 0.1341743279
0.6355 0.1373028564
0.635 0.1404292583
0.6345 0.1436459732
0.634 0.1468571281
0.6335 0.1502117348
0.633 0.153572607
0.6325 0.1569801998
0.632 0.1605159378
0.6315 0.1639802361
0.631 0.1674389458
0.6305 0.171119957
0.63 0.1747761154
0.6295 0.1785336876
0.629 0.1823073387
0.6285 0.1860237503
0.628 0.1899664497
0.6275 0.1938134766
0.627 0.1977576256
0.6265 0.201755352
0.626 0.2056886673
0.6255 0.2098151207
0.625 0.2139551544
0.6245 0.2180422783
0.624 0.2222656822
0.6235 0.2264685249
0.623 0.2307086372
0.6225 0.2351421738
0.622 0.2393500328
0.6215 0.2437682724
0.621 0.2482754326
0.6205 0.2527009583
0.62 0.2573279762
0.6195 0.2620016098
0.619 0.266454277
0.6185 0.2711061478
0.618 0.2757245255
0.6175 0.2804386902
0.617 0.2853107071
0.6165 0.2900625229
0.616 0.2950261307
0.6155 0.2998902512
0.615 0.3046535492
0.6145 0.3096417809
0.614 0.3145994186
0.6135 0.3195314407
0.613 0.3244970322
0.6125 0.3295908737
0.612 0.3347045135
0.6115 0.3398717499
0.611 0.3447874832
0.6105 0.3500779343
0.61 0.3551765823
0.6095 0.3604383469
0.609 0.3656022644
0.6085 0.3706977844
0.608 0.3761058426
0.6075 0.3813853455
0.607 0.3865452576
0.6065 0.3921229553
0.606 0.3972542191
0.6055 0.4026528931
0.605 0.4079430771
0.6045 0.4132099152
0.604 0.418678627
0.6035 0.4239346313
0.603 0.4291197205
0.6025 0.4347232437
0.602 0.4400843811
0.6015 0.4454005814
0.601 0.4510167313
0.6005 0.4562159729
0.6 0.4615642548
0.5995 0.467001152
0.599 0.4722030258
0.5985 0.477804184
0.598 0.4831216812
0.5975 0.4885216904
0.597 0.4939841843
0.5965 0.4994016266
0.596 0.504949646
0.5955 0.5102602768
0.595 0.5154794312
0.5945 0.5211079025
0.594 0.5263497162
0.5935 0.531584816
0.593 0.5372424698
0.5925 0.542347374
0.592 0.5477048874
0.5915 0.5531253815
0.591 0.5581464767
0.5905 0.5635796356
0.59 0.5689231873
0.5895 0.5743334961
0.589 0.5793376541
0.5885 0.5844565201
0.588 0.5896548462
0.5875 0.5951968384
0.587 0.6001616287
0.5865 0.6052293015
0.586 0.6100577164
0.5855 0.6151489639
0.585 0.6203679276
0.5845 0.6252296448
0.584 0.6305037689
0.5835 0.6355472946
0.583 0.6401839447
0.5825 0.6452198792
0.582 0.6499062347
0.5815 0.6548167419
0.581 0.6599272156
0.5805 0.6643858337
0.58 0.6691707611
0.5795 0.6740032196
0.579 0.6783309174
0.5785 0.6832111359
0.578 0.6877945709
0.5775 0.6922498322
0.577 0.6968399048
0.5765 0.7013635254
0.576 0.7057722473
0.5755 0.7101899719
0.575 0.7146160126
0.5745 0.7191138458
0.574 0.7233641052
0.5735 0.72756073
0.573 0.7319715881
0.5725 0.735825119
0.572 0.7399610901
0.5715 0.7440753937
0.571 0.7480906677
0.5705 0.7523031616
0.57 0.7560439301
0.5695 0.7599425507
0.569 0.7637065887
0.5685 0.7677945709
0.568 0.7714204407
0.5675 0.7753103638
0.567 0.7788956451
0.5665 0.7824949646
0.566 0.786421051
0.5655 0.7899034882
0.565 0.7934845734
0.5645 0.7968193054
0.564 0.8002459717
0.5635 0.803680954
0.563 0.8069631195
0.5625 0.810362854
0.562 0.8133264923
0.5615 0.8167664337
0.561 0.8200279236
0.5605 0.822993927
0.56 0.8260502625
0.5595 0.8292044067
0.559 0.8321211243
0.5585 0.835109787
0.558 0.8378134155
0.5575 0.8409331512
0.557 0.8434403992
0.5565 0.846227951
0.556 0.8490670013
0.5555 0.8516398621
0.555 0.8542190552
0.5545 0.8569258118
0.554 0.8593344116
0.5535 0.8617847443
0.553 0.8643718719
0.5525 0.8666313171
0.552 0.8692105103
0.5515 0.8715773773
0.551 0.8737770081
0.5505 0.8761248779
0.55 0.8783351135
0.5495 0.88063797
0.549 0.8826218414
0.5485 0.884752655
0.548 0.8868076324
0.5475 0.8886943054
0.547 0.8908204651
0.5465 0.8925012207
0.546 0.8944308472
0.5455 0.8963648224
0.545 0.8978933716
0.5445 0.8999219513
0.544 0.9014329529
0.5435 0.9030392456
0.543 0.9049147034
0.5425 0.9064783478
0.542 0.9079370117
0.5415 0.9094870758
0.541 0.9112490082
0.5405 0.9127336121
0.54 0.9140821838
0.5395 0.9156217957
0.539 0.9169980621
0.5385 0.9181449127
0.538 0.9193492889
0.5375 0.9206368256
0.537 0.9218958282
0.5365 0.9231174469
0.536 0.9242010498
0.5355 0.9252713013
0.535 0.9264871979
0.5345 0.927181778
0.534 0.9283392334
0.5335 0.9295490265
0.533 0.93021698
0.5325 0.9313159943
0.532 0.9320334625
0.5315 0.9330584717
0.531 0.9338285828
0.5305 0.9346012115
0.53 0.9352339172
0.5295 0.9360139465
0.529 0.9363430023
0.5285 0.9371824646
0.528 0.9375413513
0.5275 0.9380600739
0.527 0.9384949493
0.5265 0.9390195465
0.526 0.9394245911
0.5255 0.9398835754
0.525 0.9398947144
0.5245 0.9403474426
0.524 0.9408493042
0.5235 0.9409336853
0.523 0.9409174347
0.5225 0.9410169983
0.522 0.9411099243
0.5215 0.9412832642
0.521 0.9410150146
0.5205 0.9407440186
0.52 0.9404483795
0.5195 0.9398028564
0.519 0.9393641663
0.5185 0.9389930725
0.518 0.9384767151
0.5175 0.9376205444
0.517 0.9369736481
0.5165 0.9360092926
0.516 0.9350623322
0.5155 0.9338522339
0.515 0.9325953674
0.5145 0.9311759186
0.514 0.9296917725
0.5135 0.9279024506
0.513 0.9257933807
0.5125 0.9234123993
0.512 0.9212495422
0.5115 0.9185337067
0.511 0.915404129
0.5105 0.9124517822
0.51 0.9090045166
0.5095 0.905133667
0.509 0.9010810089
0.5085 0.896638031
0.508 0.8917706299
0.5075 0.8863916779
0.507 0.8803078461
0.5065 0.874201889
0.506 0.8671925354
0.5055 0.8601041412
0.505 0.8516732788
0.5045 0.8429095459
0.504 0.8338137054
0.5035 0.8232234192
0.503 0.812434845
0.5025 0.8006488037
0.502 0.7880669403
0.5015 0.7743934631
0.501 0.7599686432
0.5005 0.7446763611
0.5 0.7284253693
0.4995 0.7108501434
0.499 0.6921595001
0.4985 0.6726944733
0.498 0.6514392853
0.4975 0.6298374557
0.497 0.6068194962
0.4965 0.5834102631
0.496 0.5595597076
0.4955 0.5331735611
0.495 0.5073743439
0.4945 0.4806955719
0.494 0.4528088379
0.4935 0.4255845261
0.493 0.3977479172
0.4925 0.3695867538
0.492 0.3422417831
0.4915 0.3142494202
0.491 0.2877396965
0.4905 0.2618263626
0.49 0.2362485313
0.4895 0.2120778275
0.489 0.1889259338
0.4885 0.1669654846
0.488 0.1471142292
0.4875 0.1281472301
0.487 0.1114160156
0.4865 0.09620521545
0.486 0.08217963219
0.4855 0.06992929459
0.485 0.05919353485
0.4845 0.04966032505
0.484 0.04167230606
0.4835 0.03464089632
0.483 0.02872772217
0.4825 0.02370754719
0.482 0.01943384171
0.4815 0.01595857143
0.481 0.01307706118
0.4805 0.01064752936
0.48 0.00872553587
0.4795 0.00710839629
0.479 0.00578332484
0.4785 0.00474767298
0.478 0.00386366218
0.4775 0.00317661643
0.477 0.00261935234
0.4765 0.00215652958
0.476 0.00176821649
0.4755 0.00144862622
0.475 0.00122275144
0.4745 0.00101616859
0.474 0.00085742004
0.4735 0.00071099803
0.473 0.00059841137
0.4725 0.00052636553
0.472 0.00043929324
0.4715 0.00036256794
0.471 0.00031421557
0.4705 0.00026585033
0.47 0.00023806777
0.4695 0.00019606918
0.469 0.00017186783
0.4685 0.00016086843
0.468 0.0001312689
0.4675 0.00012320574
0.467 0.00010544402
0.4665 9.358376e-05
0.466 7.196636e-05
0.4655 7.204431e-05
0.465 7.889393e-05
0.4645 5.865356e-05
0.464 5.79644e-05
0.4635 4.367732e-05
0.463 6.034468e-05
0.4625 3.617446e-05
0.462 4.303025e-05
0.4615 5.597631e-05
0.461 5.18203e-05
0.4605 3.648992e-05
0.46 2.721881e-05
0.4595 3.368446e-05
0.459 2.867878e-05
0.4585 2.941611e-05
0.458 3.44718e-05
0.4575 3.089786e-05
0.457 3.813352e-05
0.4565 3.600161e-05
0.456 3.313364e-05
0.4555 3.244075e-05
0.455 3.173741e-05
0.4545 1.864237e-05
0.454 2.302293e-05
0.4535 3.035424e-05
0.453 1.717673e-05
0.4525 3.188351e-05
0.452 2.675629e-05
0.4515 2.529813e-05
0.451 2.82815e-05
0.4505 3.869639e-05
0.45 3.205409e-05
0.4495 3.060109e-05
0.449 2.988941e-05
0.4485 1.56712e-05
0.448 3.071561e-05
0.4475 3.30199e-05
0.447 2.30002e-05
0.4465 2.066951e-05
0.446 1.426105e-05
0.4455 2.499066e-05
0.445 3.436802e-05
0.4445 2.721805e-05
0.444 2.145939e-05
0.4435 3.093886e-05
0.443 3.02675e-05
0.4425 2.298358e-05
0.442 3.923796e-05
0.4415 4.008104e-05
0.441 3.051565e-05
0.4405 3.58265e-05
0.44 2.012146e-05
0.4395 1.780627e-05
0.439 3.955387e-05
0.4385 3.261186e-05
0.438 3.768787e-05
0.4375 2.7076e-05
0.437 2.9297e-05
0.4365 2.503365e-05
0.436 1.997766e-05
0.4355 1.85283e-05
0.435 3.25999e-05
0.4345 2.89825e-05
0.434 3.433074e-05
0.4335 3.383229e-05
0.433 1.843986e-05
0.4325 2.706067e-05
0.432 9.06927e-06
0.4315 3.597336e-05
0.431 2.951681e-05
0.4305 1.925093e-05
0.43 1.329105e-05
0.4295 3.450053e-05
0.429 2.125365e-05
0.4285 1.627142e-05
0.428 2.787156e-05
0.4275 2.798238e-05
0.427 2.809373e-05
0.4265 1.77471e-05
0.426 1.770695e-05
0.4255 3.402625e-05
0.425 1.98368e-05
0.4245 2.132509e-05
0.424 2.505456e-05
0.4235 2.143933e-05
0.423 2.130388e-05
0.4225 2.612493e-05
0.422 1.97927e-05
0.4215 1.11293e-05
0.421 2.502241e-05
0.4205 1.694484e-05
0.42 1.982475e-05
0.4195 2.470712e-05
0.419 2.624745e-05
0.4185 1.181e-05
0.418 2.060307e-05
0.4175 2.842488e-05
0.417 1.686948e-05
0.4165 3.903203e-05
0.416 2.12251e-05
0.4155 1.688291e-05
0.415 3.475113e-05
0.4145 2.992925e-05
0.414 2.676959e-05
0.4135 3.12212e-05
0.413 4.08703e-05
0.4125 3.750511e-05
0.412 2.760369e-05
0.4115 1.680879e-05
0.411 1.752109e-05
0.4105 1.968897e-05
0.41 1.827291e-05
0.4095 1.534764e-05
0.409 2.325325e-05
0.4085 1.397528e-05
0.408 3.305248e-05
0.4075 3.61081e-05
0.407 1.967849e-05
0.4065 2.191001e-05
0.406 1.747092e-05
0.4055 3.062329e-05
0.405 2.937608e-05
0.4045 2.170404e-05
0.404 2.391542e-05
0.4035 2.399259e-05
0.403 3.067336e-05
0.4025 3.664928e-05
0.402 2.014586e-05
0.4015 2.227822e-05
0.401 2.445782e-05
0.4005 1.953771e-05
0.4 3.037577e-05
0.3995 2.613983e-05
0.399 2.550031e-05
0.3985 3.37175e-05
0.398 3.248938e-05
0.3975 2.289571e-05
0.397 3.768993e-05
0.3965 2.300518e-05
0.396 2.521103e-05
0.3955 2.023949e-05
0.395 2.17247e-05
0.3945 7.22646e-06
0.394 1.589715e-05
0.3935 1.864376e-05
0.393 2.281491e-05
0.3925 2.286928e-05
0.392 1.72789e-05
0.3915 3.575115e-05
0.391 3.232681e-05
0.3905 2.090032e-05
0.39 2.457048e-05
0.3895 2.217473e-05
0.389 1.787621e-05
0.3885 2.338153e-05
0.388 1.581756e-05
0.3875 3.114966e-05
0.387 2.773904e-05
0.3865 3.912898e-05
0.386 1.151924e-05
0.3855 2.295034e-05
0.385 1.938803e-05
0.3845 2.013267e-05
0.384 1.155497e-05
0.3835 2.186434e-05
0.383 1.575222e-05
0.3825 1.780794e-05
0.382 2.334676e-05
0.3815 2.338819e-05
0.381 2.623922e-05
0.3805 2.699546e-05
0.38 3.62951e-05
0.3795 3.141875e-05
0.379 1.786042e-05
0.3785 1.497389e-05
0.378 3.23982e-05
0.3775 2.979758e-05
0.377 2.784679e-05
0.3765 3.33707e-05
0.376 2.867379e-05
0.3755 2.048382e-05
0.375 1.426442e-05
0.3745 9.36324e-06
0.374 2.056204e-05
0.3735 2.271603e-05
0.373 3.059794e-05
0.3725 1.992879e-05
0.372 5.23425e-06
0.3715 2.097299e-05
0.371 2.505155e-05
0.3705 2.713806e-05
0.37 2.379894e-05
0.3695 2.729313e-05
0.369 1.211895e-05
0.3685 3.70247e-06
0.368 2.260562e-05
0.3675 1.38763e-06
0.367 9.84664e-06
0.3665 1.072228e-05
0.366 3.09234e-05
0.3655 4.08317e-06
0.365 2.708458e-05
0.3645 2.786203e-05
0.364 2.519312e-05
0.3635 3.084034e-05
0.363 1.621808e-05
0.3625 1.621665e-05
0.362 1.481588e-05
0.3615 1.616146e-05
0.361 1.414929e-05
0.3605 1.548442e-05
0.36 5.8914e-06
0.3595 2.101028e-05
0.359 2.176119e-05
0.3585 5.54664e-06
0.358 1.888671e-05
0.3575 2.345696e-05
0.357 1.206621e-05
0.3565 1.885559e-05
0.356 1.750842e-05
0.3555 2.316068e-05
0.355 1.67842e-05
0.3545 2.341178e-05
0.354 2.352613e-05
0.3535 1.814978e-05
0.353 2.868648e-05
0.3525 7.87366e-06
0.352 1.737691e-05
0.3515 2.419878e-05
0.351 1.674446e-05
0.3505 1.67624e-05
0.35 9.1678e-06
0.3495 1.198311e-05
0.349 -9.98752e-06
0.3485 9.62982e-06
0.348 1.404967e-05
0.3475 6.49121e-06
0.347 2.159334e-05
0.3465 1.277245e-05
0.346 1.591455e-05
0.3455 1.653135e-05
0.345 7.12948e-06
0.3445 2.14727e-06
0.344 1.588137e-05
0.3435 1.213963e-05
0.343 2.020344e-05
0.3425 2.080346e-05
0.342 1.153851e-05
0.3415 1.277236e-05
0.341 1.583893e-05
0.3405 1.338483e-05
0.34 1.095373e-05
0.3395 1.70284e-05
0.339 1.003352e-05
0.3385 6.23774e-06
0.338 1.14057e-05
0.3375 2.02855e-06
0.337 -2.80154e-06
0.3365 -3.2204e-06
0.336 1.034209e-05
0.3355 1.33192e-05
0.335 1.325254e-05
0.3345 1.77328e-06
0.334 2.46e-08
0.3335 -5.41855e-06
0.333 2.22521e-06
0.3325 -1.89142e-06
0.332 1.27e-07
0.3315 4.83499e-06
0.331 -1.45e-07
0.3305 4.31e-08
0.33 1.51617e-05
0.3295 6.55188e-06
0.329 -3.66865e-06
0.3285 -1.69686e-06
0.328 9.37156e-06
0.3275 -5.77393e-06
0.327 1.29e-07
0.3265 -4.6185e-06
0.326 -7.2e-07
0.3255 2.48435e-06
0.325 -9.05531e-06
0.3245 6.81461e-06
0.324 5.64491e-06
0.3235 5.12584e-06
0.323 -2.17493e-06
0.3225 -3.80364e-06
0.322 -1.16863e-06
0.3215 -4.15e-07
0.321 -1.182243e-05
0.3205 1.068156e-05
0.32 -7.45522e-06
0.3195 -1.216721e-05
0.319 -6.95764e-06
0.3185 -4.89166e-06
0.318 -4.24252e-06
0.3175 4.80846e-06
0.317 6.19627e-06
0.3165 -6.3148e-06
0.316 -5.45802e-06
0.3155 -1.572163e-05
0.315 -6.85923e-06
0.3145 -5.42463e-06
0.314 1.42318e-06
0.3135 -8.63547e-06
0.313 4.99e-07
0.3125 -6.91214e-06
0.312 7.63038e-06
0.3115 -7.11563e-06
0.311 -8.13954e-06
0.3105 6.01543e-06
0.31 -1.13211e-05
0.3095 4.56145e-06
0.309 2.91928e-06
0.3085 -3.97343e-06
0.308 -3.80471e-06
0.3075 -4.26699e-06
0.307 8.51e-07
0.3065 1.20307e-05
0.306 -7.31e-07
0.3055 -3.00716e-06
0.305 3.2508e-06
0.3045 2.83927e-06
0.304 -7.27726e-06
0.3035 -9.53e-08
0.303 1.93907e-06
0.3025 1.262955e-05
0.302 -3.93893e-06
0.3015 -5.54621e-06
0.301 -1.10577e-06
0.3005 -9.67e-07
0.3 6.83511e-06
0.2995 6.86e-09
0.299 7.04836e-06
0.2985 5.31742e-06
0.298 1.81628e-06
0.2975 3.33546e-06
0.297 4.93077e-06
0.2965 -5.98e-07
0.296 -2.85024e-06
0.2955 -1.054429e-05
0.295 -3.52873e-06
0.2945 1.57202e-06
0.294 8.83983e-06
0.2935 3.30281e-06
0.293 5.95989e-06
0.2925 -3.63002e-06
0.292 -3.51063e-06
0.2915 -1.47552e-06
0.291 1.46215e-05
0.2905 -1.58889e-06
0.29 1.40497e-05
0.2895 3.93211e-06
0.289 -3.51391e-06
0.2885 1.146756e-05
0.288 1.846423e-05
0.2875 6.6266e-06
0.287 -1.82317e-06
0.2865 -3.50582e-06
0.286 1.14686e-06
0.2855 -1.329575e-05
0.285 -2.22762e-06
0.2845 -6.94214e-06
0.284 -2.97097e-06
0.2835 4.70171e-06
0.283 7.62858e-06
0.2825 9.00794e-06
0.282 -2.88478e-06
0.2815 -7.89e-07
0.281 6.18214e-06
0.2805 8.45394e-06
0.28 6.29101e-06
0.2795 5.9e-07
0.279 -9.46198e-06
0.2785 6.60578e-06
0.278 1.70139e-06
0.2775 8.03489e-06
0.277 1.292334e-05
0.2765 4.30631e-06
0.276 1.02773e-05
0.2755 9.04533e-06
0.275 5.27787e-06
0.2745 3.48116e-06
0.274 7.98834e-06
0.2735 1.241534e-05
0.273 8.05e-07
0.2725 -5.58092e-06
0.272 -2.1154e-06
0.2715 1.29139e-06
0.271 -2.4367e-06
0.2705 -4.81115e-06
0.27 -1.474111e-05
0.2695 -1.3204e-06
0.269 7.85e-08
0.2685 -8.68938e-06
0.268 -4.82521e-06
0.2675 -8.56408e-06
0.267 1.433775e-05
0.2665 3.43354e-06
0.266 1.310493e-05
0.2655 -1.40362e-06
0.265 -4.38965e-06
0.2645 -5.00798e-06
0.264 -3.00547e-06
0.2635 -3.52231e-06
0.263 1.88725e-06
0.2625 -6.49648e-06
0.262 2.09828e-06
0.2615 -7.47565e-06
0.261 -1.55341e-06
0.2605 4.92911e-06
0.26 -9.56141e-06
0.2595 7.59116e-06
0.259 -1.410444e-05
0.2585 -7.03853e-06
0.258 1.7778e-06
0.2575 -3.46075e-06
0.257 3.91891e-06
0.2565 5.95807e-06
0.256 2.73592e-06
0.2555 1.86e-07
0.255 -6.89398e-06
0.2545 3.55602e-06
0.254 3.7e-07
0.2535 -7.96284e-06
0.253 -2.12098e-06
0.2525 5.62291e-06
0.252 -7.76e-07
0.2515 1.143973e-05
0.251 -2.01118e-06
0.2505 5.693e-06
0.25 -2.120986e-05
0.2495 -3.90012e-06
0.249 -5.17082e-06
0.2485 -4.51493e-06
0.248 -6.5e-07
0.2475 6.55e-07
0.247 1.96213e-06
0.2465 9.65693e-06
0.246 4.82518e-06
0.2455 3.29e-07
0.245 -4.4021e-06
0.2445 7.90893e-06
0.244 -1.58349e-06
0.2435 1.339033e-05
0.243 7.30137e-06
0.2425 3.92973e-06
0.242 -4.19738e-06
0.2415 9.36717e-06
0.241 4.61979e-06
0.2405 1.21379e-06
0.24 -3.56507e-06
0.2395 -2.22412e-06
0.239 -1.96e-07
0.2385 -1.050447e-05
0.238 1.143037e-05
0.2375 -9.85e-07
0.237 1.349605e-05
0.2365 5.15859e-06
0.236 7.21447e-06
0.2355 4.37628e-06
0.235 3.62189e-06
0.2345 7.10795e-06
0.234 4.20697e-06
0.2335 3.42345e-06
0.233 1.17017e-06
0.2325 1.200447e-05
0.232 9.77649e-06
0.2315 8.34e-07
0.231 1.268142e-05
0.2305 8.88663e-06
0.23 4.70106e-06
0.2295 4.30008e-06
0.229 -1.59118e-06
0.2285 1.356795e-05
0.228 1.281116e-05
0.2275 7.55259e-06
0.227 8.96711e-06
0.2265 -4.15e-07
0.226 6.4754e-06
0.2255 5.617e-06
0.225 7.68984e-06
0.2245 1.208307e-05
0.224 1.585272e-05
0.2235 9.16e-07
0.223 7.11364e-06
0.2225 -7.2473e-06
0.222 2.96567e-06
0.2215 2.50124e-06
0.221 -3.12678e-06
0.2205 -4.31061e-06
0.22 8.28456e-06
0.2195 -5.20838e-06
0.219 4.05385e-06
0.2185 -2.41567e-06
0.218 -6.38e-07
0.2175 1.983454e-05
0.217 9.8899e-06
0.2165 4.07e-08
0.216 -5.43e-07
0.2155 5.65683e-06
0.215 -1.93e-07
0.2145 -7.39e-07
0.214 1.545007e-05
0.2135 4.08479e-06
0.213 -5.61037e-06
0.2125 5.7953e-06
0.212 7.67e-07
0.2115 -6.18e-07
0.211 2.84e-07
0.2105 1.029895e-05
0.21 2.75883e-06
0.2095 -9.5838e-06
0.209 3.87653e-06
0.2085 1.255421e-05
0.208 -6.99833e-06
0.2075 7.14688e-06
0.207 2.442262e-05
0.2065 1.114594e-05
0.206 6.46992e-06
0.2055 1.907849e-05
0.205 -2.28657e-06
0.2045 1.278877e-05
0.204 7.975e-06
0.2035 1.362229e-05
0.203 1.200153e-05
0.2025 7.44564e-06
0.202 1.056454e-05
0.2015 8.8376e-06
0.201 1.068685e-05
0.2005 1.555391e-05
0.2 -8.94984e-06
